U3_M2_Lower = {
	2750, 2750, 2750, 2750, 2750, 2750, 2750, 2750, 2750, 2750, 2750, 2750, 2750, 2750, 2750, 2750, 2750,
	2750, 2750, 2750, 2750, 2750, 2750, 2750, 2750, 2750, 2750, 2750, 2750, 2750, 2750, 2750, 2750, 2750,
	2750, 2750, 2750, 2750, 2750, 2750, 2750, 2750, 2750, 2750, 2750, 2750, 2750, 2750, 2750, 2750, 2750,
	2750, 2750, 2750, 2750, 2750, 2750, 2750, 2750, 2750, 2750, 2750, 2750, 2750, 2750, 2750, 2750, 2750,
	2750, 2750, 2750, 2750, 2750, 2750, 2750, 2750, 2750, 2750, 2750, 2750, 2750, 2750, 2750, 2750, 2750,
	2750, 2750, 2750, 2750, 2750, 2750, 2750, 2750, 2750, 2750, 2750, 2750, 2750, 2750, 2750, 2750, 2750,
	2750, 2750, 2750, 2750, 2750, 2750, 2750, 2750, 2750, 2750, 2750, 2750, 2750, 2750, 2750, 2750, 2750,
	2750, 2750, 2750, 2750, 2750, 2750, 2750, 2750, 2750, 2750, 2750, 2750, 2750, 2750, 2750, 2750, 2750,
	2750, 2750, 2750, 2750, 2750, 2750, 2750, 2750, 2750, 2750, 2750, 2750, 2750, 2750, 2750, 2750, 2750,
	2750, 2750, 2750, 2750, 2750, 2750, 2750, 2750, 2750, 2750, 2750, 2750, 2750, 2750, 2750, 2750, 2750,
	2750, 2750, 2750, 2750, 2750, 2750, 2750, 2750, 2750, 2750, 2750, 2750, 2750, 2750, 2750, 2750, 2750,
	2750, 2750, 2750, 2750, 2750, 2750, 2750, 2750, 2750, 2750, 2750, 2750, 2750, 2750, 2750, 2750, 2750,
	2750, 2750, 2750, 2750, 2750, 2750, 2750, 2750, 2750, 2750, 2750, 2750, 2750, 2750, 2750, 2750, 2750,
	2750, 2750, 2750, 2750, 2750, 2750, 2750, 2750, 2750, 2750, 2750, 2750, 2750, 2750, 2750, 2750, 2750,
	2750, 2750, 2750, 2750, 2750, 2750, 2750, 2750, 2750, 2750, 2750, 2750, 2750, 2750, 2750, 2750, 2750,
	2750, 2750, 2750, 2750, 2750, 2750, 2750, 2750, 2750, 2750, 2750, 2750, 2750, 2750, 2750, 2750, 2750,
	2750, 2750, 2750, 2750, 2750, 2750, 2750, 2750, 2750, 2750, 2750, 2750, 2750, 2750, 2750, 2750, 2750,
	2750, 2750, 2750, 2750, 2750, 2750, 2750, 2750, 2750, 2750, 2750, 2750, 2750, 2750, 2750, 2750, 2750,
	2750, 2750, 2750, 2750, 2750, 2750, 2750, 2750, 2750, 2750, 2750, 2750, 2750, 2750, 2750, 2750, 2750,
}
U3_M2_Upper = {
	6400, 6400, 6400, 6400, 6400, 6400, 6400, 6400, 6400, 6400, 6400, 6400, 6400, 6400, 6400, 6400, 6400,
	6400, 6400, 6400, 6400, 6400, 6400, 6400, 6400, 6400, 6400, 6400, 6400, 6400, 6400, 6400, 6400, 6400,
	6400, 6400, 6400, 6400, 6400, 6400, 6400, 6400, 6400, 6400, 6400, 6400, 6400, 6400, 6400, 6400, 6400,
	6400, 6400, 6400, 6400, 6400, 6400, 6400, 6400, 6400, 6400, 6400, 6400, 6400, 6400, 6400, 6400, 6400,
	6400, 6400, 6400, 6400, 6400, 6400, 6400, 6400, 6400, 6400, 6400, 6400, 6400, 6400, 6400, 6400, 6400,
	6400, 6400, 6400, 6400, 6400, 6400, 6400, 6400, 6400, 6400, 6400, 6400, 6400, 6400, 6400, 6400, 6400,
	6400, 6400, 6400, 6400, 6400, 6400, 6400, 6400, 6400, 6400, 6400, 6400, 6400, 6400, 6400, 6400, 6400,
	6400, 6400, 6400, 6400, 6400, 6400, 6400, 6400, 6400, 6400, 6400, 6400, 6400, 6400, 6400, 6400, 6400,
	6400, 6400, 6400, 6400, 6400, 6400, 6400, 6400, 6400, 6400, 6400, 6400, 6400, 6400, 6400, 6400, 6400,
	6400, 6400, 6400, 6400, 6400, 6400, 6400, 6400, 6400, 6400, 6400, 6400, 6400, 6400, 6400, 6400, 6400,
	6400, 6400, 6400, 6400, 6400, 6400, 6400, 6400, 6400, 6400, 6400, 6400, 6400, 6400, 6400, 6400, 6400,
	6400, 6400, 6400, 6400, 6400, 6400, 6400, 6400, 6400, 6400, 6400, 6400, 6400, 6400, 6400, 6400, 6400,
	6400, 6400, 6400, 6400, 6400, 6400, 6400, 6400, 6400, 6400, 6400, 6400, 6400, 6400, 6400, 6400, 6400,
	6400, 6400, 6400, 6400, 6400, 6400, 6400, 6400, 6400, 6400, 6400, 6400, 6400, 6400, 6400, 6400, 6400,
	6400, 6400, 6400, 6400, 6400, 6400, 6400, 6400, 6400, 6400, 6400, 6400, 6400, 6400, 6400, 6400, 6400,
	6400, 6400, 6400, 6400, 6400, 6400, 6400, 6400, 6400, 6400, 6400, 6400, 6400, 6400, 6400, 6400, 6400,
	6400, 6400, 6400, 6400, 6400, 6400, 6400, 6400, 6400, 6400, 6400, 6400, 6400, 6400, 6400, 6400, 6400,
	6400, 6400, 6400, 6400, 6400, 6400, 6400, 6400, 6400, 6400, 6400, 6400, 6400, 6400, 6400, 6400, 6400,
	6400, 6400, 6400, 6400, 6400, 6400, 6400, 6400, 6400, 6400, 6400, 6400, 6400, 6400, 6400, 6400, 6400,
}
U0_M2_Lower = {
	2750, 2750, 2750, 2750, 2750, 2750, 2750, 2750, 2750, 2750, 2750, 2750, 2750, 2750, 2750, 2750, 2750,
	2750, 2750, 2750, 2750, 2750, 2750, 2750, 2750, 2750, 2750, 2750, 2750, 2750, 2750, 2750, 2750, 2750,
	2750, 2750, 2750, 2750, 2750, 2750, 2750, 2750, 2750, 2750, 2750, 2750, 2750, 2750, 2750, 2750, 2750,
	2750, 2750, 2750, 2750, 2750, 2750, 2750, 2750, 2750, 2750, 2750, 2750, 2750, 2750, 2750, 2750, 2750,
	2750, 2750, 2750, 2750, 2750, 2750, 2750, 2750, 2750, 2750, 2750, 2750, 2750, 2750, 2750, 2750, 2750,
	2750, 2750, 2750, 2750, 2750, 2750, 2750, 2750, 2750, 2750, 2750, 2750, 2750, 2750, 2750, 2750, 2750,
	2750, 2750, 2750, 2750, 2750, 2750, 2750, 2750, 2750, 2750, 2750, 2750, 2750, 2750, 2750, 2750, 2750,
	2750, 2750, 2750, 2750, 2750, 2750, 2750, 2750, 2750, 2750, 2750, 2750, 2750, 2750, 2750, 2750, 2750,
	2750, 2750, 2750, 2750, 2750, 2750, 2750, 2750, 2750, 2750, 2750, 2750, 2750, 2750, 2750, 2750, 2750,
	2750, 2750, 2750, 2750, 2750, 2750, 2750, 2750, 2750, 2750, 2750, 2750, 2750, 2750, 2750, 2750, 2750,
	2750, 2750, 2750, 2750, 2750, 2750, 2750, 2750, 2750, 2750, 2750, 2750, 2750, 2750, 2750, 2750, 2750,
	2750, 2750, 2750, 2750, 2750, 2750, 2750, 2750, 2750, 2750, 2750, 2750, 2750, 2750, 2750, 2750, 2750,
	2750, 2750, 2750, 2750, 2750, 2750, 2750, 2750, 2750, 2750, 2750, 2750, 2750, 2750, 2750, 2750, 2750,
	2750, 2750, 2750, 2750, 2750, 2750, 2750, 2750, 2750, 2750, 2750, 2750, 2750, 2750, 2750, 2750, 2750,
	2750, 2750, 2750, 2750, 2750, 2750, 2750, 2750, 2750, 2750, 2750, 2750, 2750, 2750, 2750, 2750, 2750,
	2750, 2750, 2750, 2750, 2750, 2750, 2750, 2750, 2750, 2750, 2750, 2750, 2750, 2750, 2750, 2750, 2750,
	2750, 2750, 2750, 2750, 2750, 2750, 2750, 2750, 2750, 2750, 2750, 2750, 2750, 2750, 2750, 2750, 2750,
	2750, 2750, 2750, 2750, 2750, 2750, 2750, 2750, 2750, 2750, 2750, 2750, 2750, 2750, 2750, 2750, 2750,
	2750, 2750, 2750, 2750, 2750, 2750, 2750, 2750, 2750, 2750, 2750, 2750, 2750, 2750, 2750, 2750, 2750,
}
U0_M2_Upper = {
	6400, 6400, 6400, 6400, 6400, 6400, 6400, 6400, 6400, 6400, 6400, 6400, 6400, 6400, 6400, 6400, 6400,
	6400, 6400, 6400, 6400, 6400, 6400, 6400, 6400, 6400, 6400, 6400, 6400, 6400, 6400, 6400, 6400, 6400,
	6400, 6400, 6400, 6400, 6400, 6400, 6400, 6400, 6400, 6400, 6400, 6400, 6400, 6400, 6400, 6400, 6400,
	6400, 6400, 6400, 6400, 6400, 6400, 6400, 6400, 6400, 6400, 6400, 6400, 6400, 6400, 6400, 6400, 6400,
	6400, 6400, 6400, 6400, 6400, 6400, 6400, 6400, 6400, 6400, 6400, 6400, 6400, 6400, 6400, 6400, 6400,
	6400, 6400, 6400, 6400, 6400, 6400, 6400, 6400, 6400, 6400, 6400, 6400, 6400, 6400, 6400, 6400, 6400,
	6400, 6400, 6400, 6400, 6400, 6400, 6400, 6400, 6400, 6400, 6400, 6400, 6400, 6400, 6400, 6400, 6400,
	6400, 6400, 6400, 6400, 6400, 6400, 6400, 6400, 6400, 6400, 6400, 6400, 6400, 6400, 6400, 6400, 6400,
	6400, 6400, 6400, 6400, 6400, 6400, 6400, 6400, 6400, 6400, 6400, 6400, 6400, 6400, 6400, 6400, 6400,
	6400, 6400, 6400, 6400, 6400, 6400, 6400, 6400, 6400, 6400, 6400, 6400, 6400, 6400, 6400, 6400, 6400,
	6400, 6400, 6400, 6400, 6400, 6400, 6400, 6400, 6400, 6400, 6400, 6400, 6400, 6400, 6400, 6400, 6400,
	6400, 6400, 6400, 6400, 6400, 6400, 6400, 6400, 6400, 6400, 6400, 6400, 6400, 6400, 6400, 6400, 6400,
	6400, 6400, 6400, 6400, 6400, 6400, 6400, 6400, 6400, 6400, 6400, 6400, 6400, 6400, 6400, 6400, 6400,
	6400, 6400, 6400, 6400, 6400, 6400, 6400, 6400, 6400, 6400, 6400, 6400, 6400, 6400, 6400, 6400, 6400,
	6400, 6400, 6400, 6400, 6400, 6400, 6400, 6400, 6400, 6400, 6400, 6400, 6400, 6400, 6400, 6400, 6400,
	6400, 6400, 6400, 6400, 6400, 6400, 6400, 6400, 6400, 6400, 6400, 6400, 6400, 6400, 6400, 6400, 6400,
	6400, 6400, 6400, 6400, 6400, 6400, 6400, 6400, 6400, 6400, 6400, 6400, 6400, 6400, 6400, 6400, 6400,
	6400, 6400, 6400, 6400, 6400, 6400, 6400, 6400, 6400, 6400, 6400, 6400, 6400, 6400, 6400, 6400, 6400,
	6400, 6400, 6400, 6400, 6400, 6400, 6400, 6400, 6400, 6400, 6400, 6400, 6400, 6400, 6400, 6400, 6400,
}
U3_M2_JITTER_Lower = {
	0, 0, 0, 0, 0, 0, 0, 0, 0, 0, 0, 0, 0, 0, 0,
	0, 0, 0, 0, 0, 0, 0, 0, 0, 0, 0, 0, 0, 0, 0,
	0, 0, 0, 0, 0, 0, 0, 0, 0, 0, 0, 0, 0, 0, 0,
	0, 0, 0, 0, 0, 0, 0, 0, 0, 0, 0, 0, 0, 0, 0,
	0, 0, 0, 0, 0, 0, 0, 0, 0, 0, 0, 0, 0, 0, 0,
	0, 0, 0, 0, 0, 0, 0, 0, 0, 0, 0, 0, 0, 0, 0,
	0, 0, 0, 0, 0, 0, 0, 0, 0, 0, 0, 0, 0, 0, 0,
	0, 0, 0, 0, 0, 0, 0, 0, 0, 0, 0, 0, 0, 0, 0,
	0, 0, 0, 0, 0, 0, 0, 0, 0, 0, 0, 0, 0, 0, 0,
	0, 0, 0, 0, 0, 0, 0, 0, 0, 0, 0, 0, 0, 0, 0,
	0, 0, 0, 0, 0, 0, 0, 0, 0, 0, 0, 0, 0, 0, 0,
	0, 0, 0, 0, 0, 0, 0, 0, 0, 0, 0, 0, 0, 0, 0,
	0, 0, 0, 0, 0, 0, 0, 0, 0, 0, 0, 0, 0, 0, 0,
	0, 0, 0, 0, 0, 0, 0, 0, 0, 0, 0, 0, 0, 0, 0,
	0, 0, 0, 0, 0, 0, 0, 0, 0, 0, 0, 0, 0, 0, 0,
	0, 0, 0, 0, 0, 0, 0, 0, 0, 0, 0, 0, 0, 0, 0,
	0, 0, 0, 0, 0, 0, 0, 0, 0, 0, 0, 0, 0, 0, 0,
	0, 0, 0, 0, 0, 0, 0, 0, 0, 0, 0, 0, 0, 0, 0,
	0, 0, 0, 0, 0, 0, 0, 0, 0, 0, 0, 0, 0, 0, 0,
	0, 0, 0, 0, 0, 0, 0, 0, 0, 0, 0, 0, 0, 0, 0,
	0, 0, 0, 0, 0, 0, 0, 0, 0, 0, 0, 0, 0, 0, 0,
	0, 0, 0, 0, 0, 0, 0, 0, 0, 0, 0, 0, 0, 0, 0,
	0, 0, 0, 0, 0, 0, 0, 0, 0, 0, 0, 0, 0, 0, 0,
	0, 0, 0, 0, 0, 0, 0, 0, 0, 0, 0, 0, 0, 0, 0,
	0, 0, 0, 0, 0, 0, 0, 0, 0, 0, 0, 0, 0, 0, 0,
	0, 0, 0, 0, 0, 0, 0, 0, 0, 0, 0, 0, 0, 0, 0,
	0, 0, 0, 0, 0, 0, 0, 0, 0, 0, 0, 0, 0, 0, 0,
	0, 0, 0, 0, 0, 0, 0, 0, 0, 0, 0, 0, 0, 0, 0,
	0, 0, 0, 0, 0, 0, 0, 0, 0, 0, 0, 0, 0, 0, 0,
	0, 0, 0, 0, 0, 0, 0, 0, 0, 0, 0, 0, 0, 0, 0,
	0, 0, 0, 0, 0, 0, 0, 0, 0, 0, 0, 0, 0, 0, 0,
	0, 0, 0, 0, 0, 0, 0, 0, 0, 0, 0, 0, 0, 0, 0,
	0, 0, 0, 0, 0, 0, 0, 0, 0, 0, 0, 0, 0, 0, 0,
	0, 0, 0, 0, 0, 0, 0, 0, 0, 0, 0, 0, 0, 0, 0,
}
U3_M2_JITTER_Upper = {
	70, 70, 70, 70, 70, 70, 70, 70, 70, 70, 70, 70, 70, 70, 70,
	70, 70, 70, 70, 70, 70, 70, 70, 70, 70, 70, 70, 70, 70, 70,
	70, 70, 70, 70, 70, 70, 70, 70, 70, 70, 70, 70, 70, 70, 70,
	70, 70, 70, 70, 70, 70, 70, 70, 70, 70, 70, 70, 70, 70, 70,
	70, 70, 70, 70, 70, 70, 70, 70, 70, 70, 70, 70, 70, 70, 70,
	70, 70, 70, 70, 70, 70, 70, 70, 70, 70, 70, 70, 70, 70, 70,
	70, 70, 70, 70, 70, 70, 70, 70, 70, 70, 70, 70, 70, 70, 70,
	70, 70, 70, 70, 70, 70, 70, 70, 70, 70, 70, 70, 70, 70, 70,
	70, 70, 70, 70, 70, 70, 70, 70, 70, 70, 70, 70, 70, 70, 70,
	70, 70, 70, 70, 70, 70, 70, 70, 70, 70, 70, 70, 70, 70, 70,
	70, 70, 70, 70, 70, 70, 70, 70, 70, 70, 70, 70, 70, 70, 70,
	70, 70, 70, 70, 70, 70, 70, 70, 70, 70, 70, 70, 70, 70, 70,
	70, 70, 70, 70, 70, 70, 70, 70, 70, 70, 70, 70, 70, 70, 70,
	70, 70, 70, 70, 70, 70, 70, 70, 70, 70, 70, 70, 70, 70, 70,
	70, 70, 70, 70, 70, 70, 70, 70, 70, 70, 70, 70, 70, 70, 70,
	70, 70, 70, 70, 70, 70, 70, 70, 70, 70, 70, 70, 70, 70, 70,
	70, 70, 70, 70, 70, 70, 70, 70, 70, 70, 70, 70, 70, 70, 70,
	70, 70, 70, 70, 70, 70, 70, 70, 70, 70, 70, 70, 70, 70, 70,
	70, 70, 70, 70, 70, 70, 70, 70, 70, 70, 70, 70, 70, 70, 70,
	70, 70, 70, 70, 70, 70, 70, 70, 70, 70, 70, 70, 70, 70, 70,
	70, 70, 70, 70, 70, 70, 70, 70, 70, 70, 70, 70, 70, 70, 70,
	70, 70, 70, 70, 70, 70, 70, 70, 70, 70, 70, 70, 70, 70, 70,
	70, 70, 70, 70, 70, 70, 70, 70, 70, 70, 70, 70, 70, 70, 70,
	70, 70, 70, 70, 70, 70, 70, 70, 70, 70, 70, 70, 70, 70, 70,
	70, 70, 70, 70, 70, 70, 70, 70, 70, 70, 70, 70, 70, 70, 70,
	70, 70, 70, 70, 70, 70, 70, 70, 70, 70, 70, 70, 70, 70, 70,
	70, 70, 70, 70, 70, 70, 70, 70, 70, 70, 70, 70, 70, 70, 70,
	70, 70, 70, 70, 70, 70, 70, 70, 70, 70, 70, 70, 70, 70, 70,
	70, 70, 70, 70, 70, 70, 70, 70, 70, 70, 70, 70, 70, 70, 70,
	70, 70, 70, 70, 70, 70, 70, 70, 70, 70, 70, 70, 70, 70, 70,
	70, 70, 70, 70, 70, 70, 70, 70, 70, 70, 70, 70, 70, 70, 70,
	70, 70, 70, 70, 70, 70, 70, 70, 70, 70, 70, 70, 70, 70, 70,
	70, 70, 70, 70, 70, 70, 70, 70, 70, 70, 70, 70, 70, 70, 70,
	70, 70, 70, 70, 70, 70, 70, 70, 70, 70, 70, 70, 70, 70, 70,
}
U0_M2_JITTER_Lower = {
	0, 0, 0, 0, 0, 0, 0, 0, 0, 0, 0, 0, 0, 0, 0,
	0, 0, 0, 0, 0, 0, 0, 0, 0, 0, 0, 0, 0, 0, 0,
	0, 0, 0, 0, 0, 0, 0, 0, 0, 0, 0, 0, 0, 0, 0,
	0, 0, 0, 0, 0, 0, 0, 0, 0, 0, 0, 0, 0, 0, 0,
	0, 0, 0, 0, 0, 0, 0, 0, 0, 0, 0, 0, 0, 0, 0,
	0, 0, 0, 0, 0, 0, 0, 0, 0, 0, 0, 0, 0, 0, 0,
	0, 0, 0, 0, 0, 0, 0, 0, 0, 0, 0, 0, 0, 0, 0,
	0, 0, 0, 0, 0, 0, 0, 0, 0, 0, 0, 0, 0, 0, 0,
	0, 0, 0, 0, 0, 0, 0, 0, 0, 0, 0, 0, 0, 0, 0,
	0, 0, 0, 0, 0, 0, 0, 0, 0, 0, 0, 0, 0, 0, 0,
	0, 0, 0, 0, 0, 0, 0, 0, 0, 0, 0, 0, 0, 0, 0,
	0, 0, 0, 0, 0, 0, 0, 0, 0, 0, 0, 0, 0, 0, 0,
	0, 0, 0, 0, 0, 0, 0, 0, 0, 0, 0, 0, 0, 0, 0,
	0, 0, 0, 0, 0, 0, 0, 0, 0, 0, 0, 0, 0, 0, 0,
	0, 0, 0, 0, 0, 0, 0, 0, 0, 0, 0, 0, 0, 0, 0,
	0, 0, 0, 0, 0, 0, 0, 0, 0, 0, 0, 0, 0, 0, 0,
	0, 0, 0, 0, 0, 0, 0, 0, 0, 0, 0, 0, 0, 0, 0,
	0, 0, 0, 0, 0, 0, 0, 0, 0, 0, 0, 0, 0, 0, 0,
	0, 0, 0, 0, 0, 0, 0, 0, 0, 0, 0, 0, 0, 0, 0,
	0, 0, 0, 0, 0, 0, 0, 0, 0, 0, 0, 0, 0, 0, 0,
	0, 0, 0, 0, 0, 0, 0, 0, 0, 0, 0, 0, 0, 0, 0,
	0, 0, 0, 0, 0, 0, 0, 0, 0, 0, 0, 0, 0, 0, 0,
	0, 0, 0, 0, 0, 0, 0, 0, 0, 0, 0, 0, 0, 0, 0,
	0, 0, 0, 0, 0, 0, 0, 0, 0, 0, 0, 0, 0, 0, 0,
	0, 0, 0, 0, 0, 0, 0, 0, 0, 0, 0, 0, 0, 0, 0,
	0, 0, 0, 0, 0, 0, 0, 0, 0, 0, 0, 0, 0, 0, 0,
	0, 0, 0, 0, 0, 0, 0, 0, 0, 0, 0, 0, 0, 0, 0,
	0, 0, 0, 0, 0, 0, 0, 0, 0, 0, 0, 0, 0, 0, 0,
	0, 0, 0, 0, 0, 0, 0, 0, 0, 0, 0, 0, 0, 0, 0,
	0, 0, 0, 0, 0, 0, 0, 0, 0, 0, 0, 0, 0, 0, 0,
	0, 0, 0, 0, 0, 0, 0, 0, 0, 0, 0, 0, 0, 0, 0,
	0, 0, 0, 0, 0, 0, 0, 0, 0, 0, 0, 0, 0, 0, 0,
	0, 0, 0, 0, 0, 0, 0, 0, 0, 0, 0, 0, 0, 0, 0,
	0, 0, 0, 0, 0, 0, 0, 0, 0, 0, 0, 0, 0, 0, 0,
}
U0_M2_JITTER_Upper = {
	70, 70, 70, 70, 70, 70, 70, 70, 70, 70, 70, 70, 70, 70, 70,
	70, 70, 70, 70, 70, 70, 70, 70, 70, 70, 70, 70, 70, 70, 70,
	70, 70, 70, 70, 70, 70, 70, 70, 70, 70, 70, 70, 70, 70, 70,
	70, 70, 70, 70, 70, 70, 70, 70, 70, 70, 70, 70, 70, 70, 70,
	70, 70, 70, 70, 70, 70, 70, 70, 70, 70, 70, 70, 70, 70, 70,
	70, 70, 70, 70, 70, 70, 70, 70, 70, 70, 70, 70, 70, 70, 70,
	70, 70, 70, 70, 70, 70, 70, 70, 70, 70, 70, 70, 70, 70, 70,
	70, 70, 70, 70, 70, 70, 70, 70, 70, 70, 70, 70, 70, 70, 70,
	70, 70, 70, 70, 70, 70, 70, 70, 70, 70, 70, 70, 70, 70, 70,
	70, 70, 70, 70, 70, 70, 70, 70, 70, 70, 70, 70, 70, 70, 70,
	70, 70, 70, 70, 70, 70, 70, 70, 70, 70, 70, 70, 70, 70, 70,
	70, 70, 70, 70, 70, 70, 70, 70, 70, 70, 70, 70, 70, 70, 70,
	70, 70, 70, 70, 70, 70, 70, 70, 70, 70, 70, 70, 70, 70, 70,
	70, 70, 70, 70, 70, 70, 70, 70, 70, 70, 70, 70, 70, 70, 70,
	70, 70, 70, 70, 70, 70, 70, 70, 70, 70, 70, 70, 70, 70, 70,
	70, 70, 70, 70, 70, 70, 70, 70, 70, 70, 70, 70, 70, 70, 70,
	70, 70, 70, 70, 70, 70, 70, 70, 70, 70, 70, 70, 70, 70, 70,
	70, 70, 70, 70, 70, 70, 70, 70, 70, 70, 70, 70, 70, 70, 70,
	70, 70, 70, 70, 70, 70, 70, 70, 70, 70, 70, 70, 70, 70, 70,
	70, 70, 70, 70, 70, 70, 70, 70, 70, 70, 70, 70, 70, 70, 70,
	70, 70, 70, 70, 70, 70, 70, 70, 70, 70, 70, 70, 70, 70, 70,
	70, 70, 70, 70, 70, 70, 70, 70, 70, 70, 70, 70, 70, 70, 70,
	70, 70, 70, 70, 70, 70, 70, 70, 70, 70, 70, 70, 70, 70, 70,
	70, 70, 70, 70, 70, 70, 70, 70, 70, 70, 70, 70, 70, 70, 70,
	70, 70, 70, 70, 70, 70, 70, 70, 70, 70, 70, 70, 70, 70, 70,
	70, 70, 70, 70, 70, 70, 70, 70, 70, 70, 70, 70, 70, 70, 70,
	70, 70, 70, 70, 70, 70, 70, 70, 70, 70, 70, 70, 70, 70, 70,
	70, 70, 70, 70, 70, 70, 70, 70, 70, 70, 70, 70, 70, 70, 70,
	70, 70, 70, 70, 70, 70, 70, 70, 70, 70, 70, 70, 70, 70, 70,
	70, 70, 70, 70, 70, 70, 70, 70, 70, 70, 70, 70, 70, 70, 70,
	70, 70, 70, 70, 70, 70, 70, 70, 70, 70, 70, 70, 70, 70, 70,
	70, 70, 70, 70, 70, 70, 70, 70, 70, 70, 70, 70, 70, 70, 70,
	70, 70, 70, 70, 70, 70, 70, 70, 70, 70, 70, 70, 70, 70, 70,
	70, 70, 70, 70, 70, 70, 70, 70, 70, 70, 70, 70, 70, 70, 70,
}
U3_M2_DELTA_Lower = {
	0, 0, 0, 0, 0, 0, 0, 0, 0, 0, 0, 0, 0, 0, 0,
	0, 0, 0, 0, 0, 0, 0, 0, 0, 0, 0, 0, 0, 0, 0,
	0, 0, 0, 0, 0, 0, 0, 0, 0, 0, 0, 0, 0, 0, 0,
	0, 0, 0, 0, 0, 0, 0, 0, 0, 0, 0, 0, 0, 0, 0,
	0, 0, 0, 0, 0, 0, 0, 0, 0, 0, 0, 0, 0, 0, 0,
	0, 0, 0, 0, 0, 0, 0, 0, 0, 0, 0, 0, 0, 0, 0,
	0, 0, 0, 0, 0, 0, 0, 0, 0, 0, 0, 0, 0, 0, 0,
	0, 0, 0, 0, 0, 0, 0, 0, 0, 0, 0, 0, 0, 0, 0,
	0, 0, 0, 0, 0, 0, 0, 0, 0, 0, 0, 0, 0, 0, 0,
	0, 0, 0, 0, 0, 0, 0, 0, 0, 0, 0, 0, 0, 0, 0,
	0, 0, 0, 0, 0, 0, 0, 0, 0, 0, 0, 0, 0, 0, 0,
	0, 0, 0, 0, 0, 0, 0, 0, 0, 0, 0, 0, 0, 0, 0,
	0, 0, 0, 0, 0, 0, 0, 0, 0, 0, 0, 0, 0, 0, 0,
	0, 0, 0, 0, 0, 0, 0, 0, 0, 0, 0, 0, 0, 0, 0,
	0, 0, 0, 0, 0, 0, 0, 0, 0, 0, 0, 0, 0, 0, 0,
	0, 0, 0, 0, 0, 0, 0, 0, 0, 0, 0, 0, 0, 0, 0,
	0, 0, 0, 0, 0, 0, 0, 0, 0, 0, 0, 0, 0, 0, 0,
	0, 0, 0, 0, 0, 0, 0, 0, 0, 0, 0, 0, 0, 0, 0,
	0, 0, 0, 0, 0, 0, 0, 0, 0, 0, 0, 0, 0, 0, 0,
	0, 0, 0, 0, 0, 0, 0, 0, 0, 0, 0, 0, 0, 0, 0,
	0, 0, 0, 0, 0, 0, 0, 0, 0, 0, 0, 0, 0, 0, 0,
	0, 0, 0, 0, 0, 0, 0, 0, 0, 0, 0, 0, 0, 0, 0,
	0, 0, 0, 0, 0, 0, 0, 0, 0, 0, 0, 0, 0, 0, 0,
	0, 0, 0, 0, 0, 0, 0, 0, 0, 0, 0, 0, 0, 0, 0,
	0, 0, 0, 0, 0, 0, 0, 0, 0, 0, 0, 0, 0, 0, 0,
	0, 0, 0, 0, 0, 0, 0, 0, 0, 0, 0, 0, 0, 0, 0,
	0, 0, 0, 0, 0, 0, 0, 0, 0, 0, 0, 0, 0, 0, 0,
	0, 0, 0, 0, 0, 0, 0, 0, 0, 0, 0, 0, 0, 0, 0,
	0, 0, 0, 0, 0, 0, 0, 0, 0, 0, 0, 0, 0, 0, 0,
	0, 0, 0, 0, 0, 0, 0, 0, 0, 0, 0, 0, 0, 0, 0,
	0, 0, 0, 0, 0, 0, 0, 0, 0, 0, 0, 0, 0, 0, 0,
	0, 0, 0, 0, 0, 0, 0, 0, 0, 0, 0, 0, 0, 0, 0,
	0, 0, 0, 0, 0, 0, 0, 0, 0, 0, 0, 0, 0, 0, 0,
	0, 0, 0, 0, 0, 0, 0, 0, 0, 0, 0, 0, 0, 0, 0,
}
U3_M2_DELTA_Upper = {
	70, 70, 70, 70, 70, 70, 70, 70, 70, 70, 70, 70, 70, 70, 70,
	70, 70, 70, 70, 70, 70, 70, 70, 70, 70, 70, 70, 70, 70, 70,
	70, 70, 70, 70, 70, 70, 70, 70, 70, 70, 70, 70, 70, 70, 70,
	70, 70, 70, 70, 70, 70, 70, 70, 70, 70, 70, 70, 70, 70, 70,
	70, 70, 70, 70, 70, 70, 70, 70, 70, 70, 70, 70, 70, 70, 70,
	70, 70, 70, 70, 70, 70, 70, 70, 70, 70, 70, 70, 70, 70, 70,
	70, 70, 70, 70, 70, 70, 70, 70, 70, 70, 70, 70, 70, 70, 70,
	70, 70, 70, 70, 70, 70, 70, 70, 70, 70, 70, 70, 70, 70, 70,
	70, 70, 70, 70, 70, 70, 70, 70, 70, 70, 70, 70, 70, 70, 70,
	70, 70, 70, 70, 70, 70, 70, 70, 70, 70, 70, 70, 70, 70, 70,
	70, 70, 70, 70, 70, 70, 70, 70, 70, 70, 70, 70, 70, 70, 70,
	70, 70, 70, 70, 70, 70, 70, 70, 70, 70, 70, 70, 70, 70, 70,
	70, 70, 70, 70, 70, 70, 70, 70, 70, 70, 70, 70, 70, 70, 70,
	70, 70, 70, 70, 70, 70, 70, 70, 70, 70, 70, 70, 70, 70, 70,
	70, 70, 70, 70, 70, 70, 70, 70, 70, 70, 70, 70, 70, 70, 70,
	70, 70, 70, 70, 70, 70, 70, 70, 70, 70, 70, 70, 70, 70, 70,
	70, 70, 70, 70, 70, 70, 70, 70, 70, 70, 70, 70, 70, 70, 70,
	70, 70, 70, 70, 70, 70, 70, 70, 70, 70, 70, 70, 70, 70, 70,
	70, 70, 70, 70, 70, 70, 70, 70, 70, 70, 70, 70, 70, 70, 70,
	70, 70, 70, 70, 70, 70, 70, 70, 70, 70, 70, 70, 70, 70, 70,
	70, 70, 70, 70, 70, 70, 70, 70, 70, 70, 70, 70, 70, 70, 70,
	70, 70, 70, 70, 70, 70, 70, 70, 70, 70, 70, 70, 70, 70, 70,
	70, 70, 70, 70, 70, 70, 70, 70, 70, 70, 70, 70, 70, 70, 70,
	70, 70, 70, 70, 70, 70, 70, 70, 70, 70, 70, 70, 70, 70, 70,
	70, 70, 70, 70, 70, 70, 70, 70, 70, 70, 70, 70, 70, 70, 70,
	70, 70, 70, 70, 70, 70, 70, 70, 70, 70, 70, 70, 70, 70, 70,
	70, 70, 70, 70, 70, 70, 70, 70, 70, 70, 70, 70, 70, 70, 70,
	70, 70, 70, 70, 70, 70, 70, 70, 70, 70, 70, 70, 70, 70, 70,
	70, 70, 70, 70, 70, 70, 70, 70, 70, 70, 70, 70, 70, 70, 70,
	70, 70, 70, 70, 70, 70, 70, 70, 70, 70, 70, 70, 70, 70, 70,
	70, 70, 70, 70, 70, 70, 70, 70, 70, 70, 70, 70, 70, 70, 70,
	70, 70, 70, 70, 70, 70, 70, 70, 70, 70, 70, 70, 70, 70, 70,
	70, 70, 70, 70, 70, 70, 70, 70, 70, 70, 70, 70, 70, 70, 70,
	70, 70, 70, 70, 70, 70, 70, 70, 70, 70, 70, 70, 70, 70, 70,
}
U0_M2_DELTA_Lower = {
	0, 0, 0, 0, 0, 0, 0, 0, 0, 0, 0, 0, 0, 0, 0,
	0, 0, 0, 0, 0, 0, 0, 0, 0, 0, 0, 0, 0, 0, 0,
	0, 0, 0, 0, 0, 0, 0, 0, 0, 0, 0, 0, 0, 0, 0,
	0, 0, 0, 0, 0, 0, 0, 0, 0, 0, 0, 0, 0, 0, 0,
	0, 0, 0, 0, 0, 0, 0, 0, 0, 0, 0, 0, 0, 0, 0,
	0, 0, 0, 0, 0, 0, 0, 0, 0, 0, 0, 0, 0, 0, 0,
	0, 0, 0, 0, 0, 0, 0, 0, 0, 0, 0, 0, 0, 0, 0,
	0, 0, 0, 0, 0, 0, 0, 0, 0, 0, 0, 0, 0, 0, 0,
	0, 0, 0, 0, 0, 0, 0, 0, 0, 0, 0, 0, 0, 0, 0,
	0, 0, 0, 0, 0, 0, 0, 0, 0, 0, 0, 0, 0, 0, 0,
	0, 0, 0, 0, 0, 0, 0, 0, 0, 0, 0, 0, 0, 0, 0,
	0, 0, 0, 0, 0, 0, 0, 0, 0, 0, 0, 0, 0, 0, 0,
	0, 0, 0, 0, 0, 0, 0, 0, 0, 0, 0, 0, 0, 0, 0,
	0, 0, 0, 0, 0, 0, 0, 0, 0, 0, 0, 0, 0, 0, 0,
	0, 0, 0, 0, 0, 0, 0, 0, 0, 0, 0, 0, 0, 0, 0,
	0, 0, 0, 0, 0, 0, 0, 0, 0, 0, 0, 0, 0, 0, 0,
	0, 0, 0, 0, 0, 0, 0, 0, 0, 0, 0, 0, 0, 0, 0,
	0, 0, 0, 0, 0, 0, 0, 0, 0, 0, 0, 0, 0, 0, 0,
	0, 0, 0, 0, 0, 0, 0, 0, 0, 0, 0, 0, 0, 0, 0,
	0, 0, 0, 0, 0, 0, 0, 0, 0, 0, 0, 0, 0, 0, 0,
	0, 0, 0, 0, 0, 0, 0, 0, 0, 0, 0, 0, 0, 0, 0,
	0, 0, 0, 0, 0, 0, 0, 0, 0, 0, 0, 0, 0, 0, 0,
	0, 0, 0, 0, 0, 0, 0, 0, 0, 0, 0, 0, 0, 0, 0,
	0, 0, 0, 0, 0, 0, 0, 0, 0, 0, 0, 0, 0, 0, 0,
	0, 0, 0, 0, 0, 0, 0, 0, 0, 0, 0, 0, 0, 0, 0,
	0, 0, 0, 0, 0, 0, 0, 0, 0, 0, 0, 0, 0, 0, 0,
	0, 0, 0, 0, 0, 0, 0, 0, 0, 0, 0, 0, 0, 0, 0,
	0, 0, 0, 0, 0, 0, 0, 0, 0, 0, 0, 0, 0, 0, 0,
	0, 0, 0, 0, 0, 0, 0, 0, 0, 0, 0, 0, 0, 0, 0,
	0, 0, 0, 0, 0, 0, 0, 0, 0, 0, 0, 0, 0, 0, 0,
	0, 0, 0, 0, 0, 0, 0, 0, 0, 0, 0, 0, 0, 0, 0,
	0, 0, 0, 0, 0, 0, 0, 0, 0, 0, 0, 0, 0, 0, 0,
	0, 0, 0, 0, 0, 0, 0, 0, 0, 0, 0, 0, 0, 0, 0,
	0, 0, 0, 0, 0, 0, 0, 0, 0, 0, 0, 0, 0, 0, 0,
}
U0_M2_DELTA_Upper = {
	70, 70, 70, 70, 70, 70, 70, 70, 70, 70, 70, 70, 70, 70, 70,
	70, 70, 70, 70, 70, 70, 70, 70, 70, 70, 70, 70, 70, 70, 70,
	70, 70, 70, 70, 70, 70, 70, 70, 70, 70, 70, 70, 70, 70, 70,
	70, 70, 70, 70, 70, 70, 70, 70, 70, 70, 70, 70, 70, 70, 70,
	70, 70, 70, 70, 70, 70, 70, 70, 70, 70, 70, 70, 70, 70, 70,
	70, 70, 70, 70, 70, 70, 70, 70, 70, 70, 70, 70, 70, 70, 70,
	70, 70, 70, 70, 70, 70, 70, 70, 70, 70, 70, 70, 70, 70, 70,
	70, 70, 70, 70, 70, 70, 70, 70, 70, 70, 70, 70, 70, 70, 70,
	70, 70, 70, 70, 70, 70, 70, 70, 70, 70, 70, 70, 70, 70, 70,
	70, 70, 70, 70, 70, 70, 70, 70, 70, 70, 70, 70, 70, 70, 70,
	70, 70, 70, 70, 70, 70, 70, 70, 70, 70, 70, 70, 70, 70, 70,
	70, 70, 70, 70, 70, 70, 70, 70, 70, 70, 70, 70, 70, 70, 70,
	70, 70, 70, 70, 70, 70, 70, 70, 70, 70, 70, 70, 70, 70, 70,
	70, 70, 70, 70, 70, 70, 70, 70, 70, 70, 70, 70, 70, 70, 70,
	70, 70, 70, 70, 70, 70, 70, 70, 70, 70, 70, 70, 70, 70, 70,
	70, 70, 70, 70, 70, 70, 70, 70, 70, 70, 70, 70, 70, 70, 70,
	70, 70, 70, 70, 70, 70, 70, 70, 70, 70, 70, 70, 70, 70, 70,
	70, 70, 70, 70, 70, 70, 70, 70, 70, 70, 70, 70, 70, 70, 70,
	70, 70, 70, 70, 70, 70, 70, 70, 70, 70, 70, 70, 70, 70, 70,
	70, 70, 70, 70, 70, 70, 70, 70, 70, 70, 70, 70, 70, 70, 70,
	70, 70, 70, 70, 70, 70, 70, 70, 70, 70, 70, 70, 70, 70, 70,
	70, 70, 70, 70, 70, 70, 70, 70, 70, 70, 70, 70, 70, 70, 70,
	70, 70, 70, 70, 70, 70, 70, 70, 70, 70, 70, 70, 70, 70, 70,
	70, 70, 70, 70, 70, 70, 70, 70, 70, 70, 70, 70, 70, 70, 70,
	70, 70, 70, 70, 70, 70, 70, 70, 70, 70, 70, 70, 70, 70, 70,
	70, 70, 70, 70, 70, 70, 70, 70, 70, 70, 70, 70, 70, 70, 70,
	70, 70, 70, 70, 70, 70, 70, 70, 70, 70, 70, 70, 70, 70, 70,
	70, 70, 70, 70, 70, 70, 70, 70, 70, 70, 70, 70, 70, 70, 70,
	70, 70, 70, 70, 70, 70, 70, 70, 70, 70, 70, 70, 70, 70, 70,
	70, 70, 70, 70, 70, 70, 70, 70, 70, 70, 70, 70, 70, 70, 70,
	70, 70, 70, 70, 70, 70, 70, 70, 70, 70, 70, 70, 70, 70, 70,
	70, 70, 70, 70, 70, 70, 70, 70, 70, 70, 70, 70, 70, 70, 70,
	70, 70, 70, 70, 70, 70, 70, 70, 70, 70, 70, 70, 70, 70, 70,
	70, 70, 70, 70, 70, 70, 70, 70, 70, 70, 70, 70, 70, 70, 70,
}
U0_M1_Lower = {
	300, 300, 300, 300, 300, 300, 300, 300, 300, 300, 300, 300, 300, 300, 300,
	300, 300, 300, 300, 300, 300, 300, 300, 300, 300, 300, 300, 300, 300, 300,
	300, 300, 300, 300, 300, 300, 300, 300, 300, 300, 300, 300, 300, 300, 300,
	300, 300, 300, 300, 300, 300, 300, 300, 300, 300, 300, 300, 300, 300, 300,
	300, 300, 300, 300, 300, 300, 300, 300, 300, 300, 300, 300, 300, 300, 300,
	300, 300, 300, 300, 300, 300, 300, 300, 300, 300, 300, 300, 300, 300, 300,
	300, 300, 300, 300, 300, 300, 300, 300, 300, 300, 300, 300, 300, 300, 300,
	300, 300, 300, 300, 300, 300, 300, 300, 300, 300, 300, 300, 300, 300, 300,
	300, 300, 300, 300, 300, 300, 300, 300, 300, 300, 300, 300, 300, 300, 300,
	300, 300, 300, 300, 300, 300, 300, 300, 300, 300, 300, 300, 300, 300, 300,
	300, 300, 300, 300, 300, 300, 300, 300, 300, 300, 300, 300, 300, 300, 300,
	300, 300, 300, 300, 300, 300, 300, 300, 300, 300, 300, 300, 300, 300, 300,
	300, 300, 300, 300, 300, 300, 300, 300, 300, 300, 300, 300, 300, 300, 300,
	300, 300, 300, 300, 300, 300, 300, 300, 300, 300, 300, 300, 300, 300, 300,
	300, 300, 300, 300, 300, 300, 300, 300, 300, 300, 300, 300, 300, 300, 300,
	300, 300, 300, 300, 300, 300, 300, 300, 300, 300, 300, 300, 300, 300, 300,
	300, 300, 300, 300, 300, 300, 300, 300, 300, 300, 300, 300, 300, 300, 300,
	300, 300, 300, 300, 300, 300, 300, 300, 300, 300, 300, 300, 300, 300, 300,
	300, 300, 300, 300, 300, 300, 300, 300, 300, 300, 300, 300, 300, 300, 300,
	300, 300, 300, 300, 300, 300, 300, 300, 300, 300, 300, 300, 300, 300, 300,
	300, 300, 300, 300, 300, 300, 300, 300, 300, 300, 300, 300, 300, 300, 300,
	300, 300, 300, 300, 300, 300, 300, 300, 300, 300, 300, 300, 300, 300, 300,
	300, 300, 300, 300, 300, 300, 300, 300, 300, 300, 300, 300, 300, 300, 300,
	300, 300, 300, 300, 300, 300, 300, 300, 300, 300, 300, 300, 300, 300, 300,
	300, 300, 300, 300, 300, 300, 300, 300, 300, 300, 300, 300, 300, 300, 300,
	300, 300, 300, 300, 300, 300, 300, 300, 300, 300, 300, 300, 300, 300, 300,
	300, 300, 300, 300, 300, 300, 300, 300, 300, 300, 300, 300, 300, 300, 300,
	300, 300, 300, 300, 300, 300, 300, 300, 300, 300, 300, 300, 300, 300, 300,
	300, 300, 300, 300, 300, 300, 300, 300, 300, 300, 300, 300, 300, 300, 300,
	300, 300, 300, 300, 300, 300, 300, 300, 300, 300, 300, 300, 300, 300, 300,
	300, 300, 300, 300, 300, 300, 300, 300, 300, 300, 300, 300, 300, 300, 300,
	300, 300, 300, 300, 300, 300, 300, 300, 300, 300, 300, 300, 300, 300, 300,
	300, 300, 300, 300, 300, 300, 300, 300, 300, 300, 300, 300, 300, 300, 300,
	300, 300, 300, 300, 300, 300, 300, 300, 300, 300, 300, 300, 300, 300, 300,
}
U0_M1_Upper = {
	1700, 1700, 1700, 1700, 1700, 1700, 1700, 1700, 1700, 1700, 1700, 1700, 1700, 1700, 1700,
	1700, 1700, 1700, 1700, 1700, 1700, 1700, 1700, 1700, 1700, 1700, 1700, 1700, 1700, 1700,
	1700, 1700, 1700, 1700, 1700, 1700, 1700, 1700, 1700, 1700, 1700, 1700, 1700, 1700, 1700,
	1700, 1700, 1700, 1700, 1700, 1700, 1700, 1700, 1700, 1700, 1700, 1700, 1700, 1700, 1700,
	1700, 1700, 1700, 1700, 1700, 1700, 1700, 1700, 1700, 1700, 1700, 1700, 1700, 1700, 1700,
	1700, 1700, 1700, 1700, 1700, 1700, 1700, 1700, 1700, 1700, 1700, 1700, 1700, 1700, 1700,
	1700, 1700, 1700, 1700, 1700, 1700, 1700, 1700, 1700, 1700, 1700, 1700, 1700, 1700, 1700,
	1700, 1700, 1700, 1700, 1700, 1700, 1700, 1700, 1700, 1700, 1700, 1700, 1700, 1700, 1700,
	1700, 1700, 1700, 1700, 1700, 1700, 1700, 1700, 1700, 1700, 1700, 1700, 1700, 1700, 1700,
	1700, 1700, 1700, 1700, 1700, 1700, 1700, 1700, 1700, 1700, 1700, 1700, 1700, 1700, 1700,
	1700, 1700, 1700, 1700, 1700, 1700, 1700, 1700, 1700, 1700, 1700, 1700, 1700, 1700, 1700,
	1700, 1700, 1700, 1700, 1700, 1700, 1700, 1700, 1700, 1700, 1700, 1700, 1700, 1700, 1700,
	1700, 1700, 1700, 1700, 1700, 1700, 1700, 1700, 1700, 1700, 1700, 1700, 1700, 1700, 1700,
	1700, 1700, 1700, 1700, 1700, 1700, 1700, 1700, 1700, 1700, 1700, 1700, 1700, 1700, 1700,
	1700, 1700, 1700, 1700, 1700, 1700, 1700, 1700, 1700, 1700, 1700, 1700, 1700, 1700, 1700,
	1700, 1700, 1700, 1700, 1700, 1700, 1700, 1700, 1700, 1700, 1700, 1700, 1700, 1700, 1700,
	1700, 1700, 1700, 1700, 1700, 1700, 1700, 1700, 1700, 1700, 1700, 1700, 1700, 1700, 1700,
	1700, 1700, 1700, 1700, 1700, 1700, 1700, 1700, 1700, 1700, 1700, 1700, 1700, 1700, 1700,
	1700, 1700, 1700, 1700, 1700, 1700, 1700, 1700, 1700, 1700, 1700, 1700, 1700, 1700, 1700,
	1700, 1700, 1700, 1700, 1700, 1700, 1700, 1700, 1700, 1700, 1700, 1700, 1700, 1700, 1700,
	1700, 1700, 1700, 1700, 1700, 1700, 1700, 1700, 1700, 1700, 1700, 1700, 1700, 1700, 1700,
	1700, 1700, 1700, 1700, 1700, 1700, 1700, 1700, 1700, 1700, 1700, 1700, 1700, 1700, 1700,
	1700, 1700, 1700, 1700, 1700, 1700, 1700, 1700, 1700, 1700, 1700, 1700, 1700, 1700, 1700,
	1700, 1700, 1700, 1700, 1700, 1700, 1700, 1700, 1700, 1700, 1700, 1700, 1700, 1700, 1700,
	1700, 1700, 1700, 1700, 1700, 1700, 1700, 1700, 1700, 1700, 1700, 1700, 1700, 1700, 1700,
	1700, 1700, 1700, 1700, 1700, 1700, 1700, 1700, 1700, 1700, 1700, 1700, 1700, 1700, 1700,
	1700, 1700, 1700, 1700, 1700, 1700, 1700, 1700, 1700, 1700, 1700, 1700, 1700, 1700, 1700,
	1700, 1700, 1700, 1700, 1700, 1700, 1700, 1700, 1700, 1700, 1700, 1700, 1700, 1700, 1700,
	1700, 1700, 1700, 1700, 1700, 1700, 1700, 1700, 1700, 1700, 1700, 1700, 1700, 1700, 1700,
	1700, 1700, 1700, 1700, 1700, 1700, 1700, 1700, 1700, 1700, 1700, 1700, 1700, 1700, 1700,
	1700, 1700, 1700, 1700, 1700, 1700, 1700, 1700, 1700, 1700, 1700, 1700, 1700, 1700, 1700,
	1700, 1700, 1700, 1700, 1700, 1700, 1700, 1700, 1700, 1700, 1700, 1700, 1700, 1700, 1700,
	1700, 1700, 1700, 1700, 1700, 1700, 1700, 1700, 1700, 1700, 1700, 1700, 1700, 1700, 1700,
	1700, 1700, 1700, 1700, 1700, 1700, 1700, 1700, 1700, 1700, 1700, 1700, 1700, 1700, 1700,
}
U0_M1_JITTER_Lower = {
	0, 0, 0, 0, 0, 0, 0, 0, 0, 0, 0, 0, 0, 0, 0,
	0, 0, 0, 0, 0, 0, 0, 0, 0, 0, 0, 0, 0, 0, 0,
	0, 0, 0, 0, 0, 0, 0, 0, 0, 0, 0, 0, 0, 0, 0,
	0, 0, 0, 0, 0, 0, 0, 0, 0, 0, 0, 0, 0, 0, 0,
	0, 0, 0, 0, 0, 0, 0, 0, 0, 0, 0, 0, 0, 0, 0,
	0, 0, 0, 0, 0, 0, 0, 0, 0, 0, 0, 0, 0, 0, 0,
	0, 0, 0, 0, 0, 0, 0, 0, 0, 0, 0, 0, 0, 0, 0,
	0, 0, 0, 0, 0, 0, 0, 0, 0, 0, 0, 0, 0, 0, 0,
	0, 0, 0, 0, 0, 0, 0, 0, 0, 0, 0, 0, 0, 0, 0,
	0, 0, 0, 0, 0, 0, 0, 0, 0, 0, 0, 0, 0, 0, 0,
	0, 0, 0, 0, 0, 0, 0, 0, 0, 0, 0, 0, 0, 0, 0,
	0, 0, 0, 0, 0, 0, 0, 0, 0, 0, 0, 0, 0, 0, 0,
	0, 0, 0, 0, 0, 0, 0, 0, 0, 0, 0, 0, 0, 0, 0,
	0, 0, 0, 0, 0, 0, 0, 0, 0, 0, 0, 0, 0, 0, 0,
	0, 0, 0, 0, 0, 0, 0, 0, 0, 0, 0, 0, 0, 0, 0,
	0, 0, 0, 0, 0, 0, 0, 0, 0, 0, 0, 0, 0, 0, 0,
	0, 0, 0, 0, 0, 0, 0, 0, 0, 0, 0, 0, 0, 0, 0,
	0, 0, 0, 0, 0, 0, 0, 0, 0, 0, 0, 0, 0, 0, 0,
	0, 0, 0, 0, 0, 0, 0, 0, 0, 0, 0, 0, 0, 0, 0,
	0, 0, 0, 0, 0, 0, 0, 0, 0, 0, 0, 0, 0, 0, 0,
	0, 0, 0, 0, 0, 0, 0, 0, 0, 0, 0, 0, 0, 0, 0,
	0, 0, 0, 0, 0, 0, 0, 0, 0, 0, 0, 0, 0, 0, 0,
	0, 0, 0, 0, 0, 0, 0, 0, 0, 0, 0, 0, 0, 0, 0,
	0, 0, 0, 0, 0, 0, 0, 0, 0, 0, 0, 0, 0, 0, 0,
	0, 0, 0, 0, 0, 0, 0, 0, 0, 0, 0, 0, 0, 0, 0,
	0, 0, 0, 0, 0, 0, 0, 0, 0, 0, 0, 0, 0, 0, 0,
	0, 0, 0, 0, 0, 0, 0, 0, 0, 0, 0, 0, 0, 0, 0,
	0, 0, 0, 0, 0, 0, 0, 0, 0, 0, 0, 0, 0, 0, 0,
	0, 0, 0, 0, 0, 0, 0, 0, 0, 0, 0, 0, 0, 0, 0,
	0, 0, 0, 0, 0, 0, 0, 0, 0, 0, 0, 0, 0, 0, 0,
	0, 0, 0, 0, 0, 0, 0, 0, 0, 0, 0, 0, 0, 0, 0,
	0, 0, 0, 0, 0, 0, 0, 0, 0, 0, 0, 0, 0, 0, 0,
	0, 0, 0, 0, 0, 0, 0, 0, 0, 0, 0, 0, 0, 0, 0,
	0, 0, 0, 0, 0, 0, 0, 0, 0, 0, 0, 0, 0, 0, 0,
}
U0_M1_JITTER_Upper = {
	80, 80, 80, 80, 80, 80, 80, 80, 80, 80, 80, 80, 80, 80, 80,
	80, 80, 80, 80, 80, 80, 80, 80, 80, 80, 80, 80, 80, 80, 80,
	80, 80, 80, 80, 80, 80, 80, 80, 80, 80, 80, 80, 80, 80, 80,
	80, 80, 80, 80, 80, 80, 80, 80, 80, 80, 80, 80, 80, 80, 80,
	80, 80, 80, 80, 80, 80, 80, 80, 80, 80, 80, 80, 80, 80, 80,
	80, 80, 80, 80, 80, 80, 80, 80, 80, 80, 80, 80, 80, 80, 80,
	80, 80, 80, 80, 80, 80, 80, 80, 80, 80, 80, 80, 80, 80, 80,
	80, 80, 80, 80, 80, 80, 80, 80, 80, 80, 80, 80, 80, 80, 80,
	80, 80, 80, 80, 80, 80, 80, 80, 80, 80, 80, 80, 80, 80, 80,
	80, 80, 80, 80, 80, 80, 80, 80, 80, 80, 80, 80, 80, 80, 80,
	80, 80, 80, 80, 80, 80, 80, 80, 80, 80, 80, 80, 80, 80, 80,
	80, 80, 80, 80, 80, 80, 80, 80, 80, 80, 80, 80, 80, 80, 80,
	80, 80, 80, 80, 80, 80, 80, 80, 80, 80, 80, 80, 80, 80, 80,
	80, 80, 80, 80, 80, 80, 80, 80, 80, 80, 80, 80, 80, 80, 80,
	80, 80, 80, 80, 80, 80, 80, 80, 80, 80, 80, 80, 80, 80, 80,
	80, 80, 80, 80, 80, 80, 80, 80, 80, 80, 80, 80, 80, 80, 80,
	80, 80, 80, 80, 80, 80, 80, 80, 80, 80, 80, 80, 80, 80, 80,
	80, 80, 80, 80, 80, 80, 80, 80, 80, 80, 80, 80, 80, 80, 80,
	80, 80, 80, 80, 80, 80, 80, 80, 80, 80, 80, 80, 80, 80, 80,
	80, 80, 80, 80, 80, 80, 80, 80, 80, 80, 80, 80, 80, 80, 80,
	80, 80, 80, 80, 80, 80, 80, 80, 80, 80, 80, 80, 80, 80, 80,
	80, 80, 80, 80, 80, 80, 80, 80, 80, 80, 80, 80, 80, 80, 80,
	80, 80, 80, 80, 80, 80, 80, 80, 80, 80, 80, 80, 80, 80, 80,
	80, 80, 80, 80, 80, 80, 80, 80, 80, 80, 80, 80, 80, 80, 80,
	80, 80, 80, 80, 80, 80, 80, 80, 80, 80, 80, 80, 80, 80, 80,
	80, 80, 80, 80, 80, 80, 80, 80, 80, 80, 80, 80, 80, 80, 80,
	80, 80, 80, 80, 80, 80, 80, 80, 80, 80, 80, 80, 80, 80, 80,
	80, 80, 80, 80, 80, 80, 80, 80, 80, 80, 80, 80, 80, 80, 80,
	80, 80, 80, 80, 80, 80, 80, 80, 80, 80, 80, 80, 80, 80, 80,
	80, 80, 80, 80, 80, 80, 80, 80, 80, 80, 80, 80, 80, 80, 80,
	80, 80, 80, 80, 80, 80, 80, 80, 80, 80, 80, 80, 80, 80, 80,
	80, 80, 80, 80, 80, 80, 80, 80, 80, 80, 80, 80, 80, 80, 80,
	80, 80, 80, 80, 80, 80, 80, 80, 80, 80, 80, 80, 80, 80, 80,
	80, 80, 80, 80, 80, 80, 80, 80, 80, 80, 80, 80, 80, 80, 80,
}
OPEN_Lower = {
	6500, 6500, 6500, 6500, 6500, 0, 0, 0, 0, 0, 6500, 6500, 6500, 6500, 6500,
	6500, 6500, 6500, 6500, 6500, 6500, 6500, 6500, 6500, 6500, 6500, 6500, 6500, 6500, 6500,
	6500, 6500, 6500, 6500, 6500, 6500, 6500, 6500, 6500, 6500, 6500, 6500, 6500, 6500, 6500,
	6500, 6500, 6500, 6500, 6500, 6500, 6500, 6500, 6500, 6500, 6500, 6500, 6500, 6500, 6500,
	6500, 6500, 6500, 6500, 6500, 6500, 6500, 6500, 6500, 6500, 6500, 6500, 6500, 6500, 6500,
	6500, 6500, 6500, 6500, 6500, 6500, 6500, 6500, 6500, 6500, 6500, 6500, 6500, 6500, 6500,
	6500, 6500, 6500, 6500, 6500, 6500, 6500, 6500, 6500, 6500, 6500, 6500, 6500, 6500, 6500,
	6500, 6500, 6500, 6500, 6500, 6500, 6500, 6500, 6500, 6500, 6500, 6500, 6500, 6500, 6500,
	6500, 6500, 6500, 6500, 6500, 6500, 6500, 6500, 6500, 6500, 6500, 6500, 6500, 6500, 6500,
	6500, 6500, 6500, 6500, 6500, 6500, 6500, 6500, 6500, 6500, 6500, 6500, 6500, 6500, 6500,
	6500, 6500, 6500, 6500, 6500, 6500, 6500, 6500, 6500, 6500, 6500, 6500, 6500, 6500, 6500,
	6500, 6500, 6500, 6500, 6500, 6500, 6500, 6500, 6500, 6500, 6500, 6500, 6500, 6500, 6500,
	6500, 6500, 6500, 6500, 6500, 6500, 6500, 6500, 6500, 6500, 6500, 6500, 6500, 6500, 6500,
	6500, 6500, 6500, 6500, 6500, 6500, 6500, 6500, 6500, 6500, 6500, 6500, 6500, 6500, 6500,
	6500, 6500, 6500, 6500, 6500, 6500, 6500, 6500, 6500, 6500, 6500, 6500, 6500, 6500, 6500,
	6500, 6500, 6500, 6500, 6500, 6500, 6500, 6500, 6500, 6500, 6500, 6500, 6500, 6500, 6500,
	6500, 6500, 6500, 6500, 6500, 6500, 6500, 6500, 6500, 6500, 6500, 6500, 6500, 6500, 6500,
	6500, 6500, 6500, 6500, 6500, 6500, 6500, 6500, 6500, 6500, 6500, 6500, 6500, 6500, 6500,
	6500, 6500, 6500, 6500, 6500, 6500, 6500, 6500, 6500, 6500, 6500, 6500, 6500, 6500, 6500,
	6500, 6500, 6500, 6500, 6500, 6500, 6500, 6500, 6500, 6500, 6500, 6500, 6500, 6500, 6500,
	6500, 6500, 6500, 6500, 6500, 6500, 6500, 6500, 6500, 6500, 6500, 6500, 6500, 6500, 6500,
	6500, 6500, 6500, 6500, 6500, 6500, 6500, 6500, 6500, 6500, 6500, 6500, 6500, 6500, 6500,
	6500, 6500, 6500, 6500, 6500, 6500, 6500, 6500, 6500, 6500, 6500, 6500, 6500, 6500, 6500,
	6500, 6500, 6500, 6500, 6500, 6500, 6500, 6500, 6500, 6500, 6500, 6500, 6500, 6500, 6500,
	6500, 6500, 6500, 6500, 6500, 6500, 6500, 6500, 6500, 6500, 6500, 6500, 6500, 6500, 6500,
	6500, 6500, 6500, 6500, 6500, 6500, 6500, 6500, 6500, 6500, 6500, 6500, 6500, 6500, 6500,
	6500, 6500, 6500, 6500, 6500, 6500, 6500, 6500, 6500, 6500, 6500, 6500, 6500, 6500, 6500,
	6500, 6500, 6500, 6500, 6500, 6500, 6500, 6500, 6500, 6500, 6500, 6500, 6500, 6500, 6500,
	6500, 6500, 6500, 6500, 6500, 6500, 6500, 6500, 6500, 6500, 6500, 6500, 6500, 6500, 6500,
	6500, 6500, 6500, 6500, 6500, 6500, 6500, 6500, 6500, 6500, 6500, 6500, 6500, 6500, 6500,
	6500, 6500, 6500, 6500, 6500, 6500, 6500, 6500, 6500, 6500, 6500, 6500, 6500, 6500, 6500,
	6500, 6500, 6500, 6500, 6500, 6500, 6500, 6500, 6500, 6500, 6500, 6500, 6500, 6500, 6500,
	6500, 6500, 6500, 6500, 6500, 6500, 6500, 6500, 6500, 6500, 6500, 6500, 6500, 6500, 6500,
	6500, 6500, 6500, 6500, 6500, 6500, 6500, 6500, 6500, 6500, 6500, 6500, 6500, 6500, 6500,
}
OPEN_Upper = {
	8188, 8188, 8188, 8188, 8188, 0, 0, 0, 0, 0, 8188, 8188, 8188, 8188, 8188,
	8188, 8188, 8188, 8188, 8188, 8188, 8188, 8188, 8188, 8188, 8188, 8188, 8188, 8188, 8188,
	8188, 8188, 8188, 8188, 8188, 8188, 8188, 8188, 8188, 8188, 8188, 8188, 8188, 8188, 8188,
	8188, 8188, 8188, 8188, 8188, 8188, 8188, 8188, 8188, 8188, 8188, 8188, 8188, 8188, 8188,
	8188, 8188, 8188, 8188, 8188, 8188, 8188, 8188, 8188, 8188, 8188, 8188, 8188, 8188, 8188,
	8188, 8188, 8188, 8188, 8188, 8188, 8188, 8188, 8188, 8188, 8188, 8188, 8188, 8188, 8188,
	8188, 8188, 8188, 8188, 8188, 8188, 8188, 8188, 8188, 8188, 8188, 8188, 8188, 8188, 8188,
	8188, 8188, 8188, 8188, 8188, 8188, 8188, 8188, 8188, 8188, 8188, 8188, 8188, 8188, 8188,
	8188, 8188, 8188, 8188, 8188, 8188, 8188, 8188, 8188, 8188, 8188, 8188, 8188, 8188, 8188,
	8188, 8188, 8188, 8188, 8188, 8188, 8188, 8188, 8188, 8188, 8188, 8188, 8188, 8188, 8188,
	8188, 8188, 8188, 8188, 8188, 8188, 8188, 8188, 8188, 8188, 8188, 8188, 8188, 8188, 8188,
	8188, 8188, 8188, 8188, 8188, 8188, 8188, 8188, 8188, 8188, 8188, 8188, 8188, 8188, 8188,
	8188, 8188, 8188, 8188, 8188, 8188, 8188, 8188, 8188, 8188, 8188, 8188, 8188, 8188, 8188,
	8188, 8188, 8188, 8188, 8188, 8188, 8188, 8188, 8188, 8188, 8188, 8188, 8188, 8188, 8188,
	8188, 8188, 8188, 8188, 8188, 8188, 8188, 8188, 8188, 8188, 8188, 8188, 8188, 8188, 8188,
	8188, 8188, 8188, 8188, 8188, 8188, 8188, 8188, 8188, 8188, 8188, 8188, 8188, 8188, 8188,
	8188, 8188, 8188, 8188, 8188, 8188, 8188, 8188, 8188, 8188, 8188, 8188, 8188, 8188, 8188,
	8188, 8188, 8188, 8188, 8188, 8188, 8188, 8188, 8188, 8188, 8188, 8188, 8188, 8188, 8188,
	8188, 8188, 8188, 8188, 8188, 8188, 8188, 8188, 8188, 8188, 8188, 8188, 8188, 8188, 8188,
	8188, 8188, 8188, 8188, 8188, 8188, 8188, 8188, 8188, 8188, 8188, 8188, 8188, 8188, 8188,
	8188, 8188, 8188, 8188, 8188, 8188, 8188, 8188, 8188, 8188, 8188, 8188, 8188, 8188, 8188,
	8188, 8188, 8188, 8188, 8188, 8188, 8188, 8188, 8188, 8188, 8188, 8188, 8188, 8188, 8188,
	8188, 8188, 8188, 8188, 8188, 8188, 8188, 8188, 8188, 8188, 8188, 8188, 8188, 8188, 8188,
	8188, 8188, 8188, 8188, 8188, 8188, 8188, 8188, 8188, 8188, 8188, 8188, 8188, 8188, 8188,
	8188, 8188, 8188, 8188, 8188, 8188, 8188, 8188, 8188, 8188, 8188, 8188, 8188, 8188, 8188,
	8188, 8188, 8188, 8188, 8188, 8188, 8188, 8188, 8188, 8188, 8188, 8188, 8188, 8188, 8188,
	8188, 8188, 8188, 8188, 8188, 8188, 8188, 8188, 8188, 8188, 8188, 8188, 8188, 8188, 8188,
	8188, 8188, 8188, 8188, 8188, 8188, 8188, 8188, 8188, 8188, 8188, 8188, 8188, 8188, 8188,
	8188, 8188, 8188, 8188, 8188, 8188, 8188, 8188, 8188, 8188, 8188, 8188, 8188, 8188, 8188,
	8188, 8188, 8188, 8188, 8188, 8188, 8188, 8188, 8188, 8188, 8188, 8188, 8188, 8188, 8188,
	8188, 8188, 8188, 8188, 8188, 8188, 8188, 8188, 8188, 8188, 8188, 8188, 8188, 8188, 8188,
	8188, 8188, 8188, 8188, 8188, 8188, 8188, 8188, 8188, 8188, 8188, 8188, 8188, 8188, 8188,
	8188, 8188, 8188, 8188, 8188, 8188, 8188, 8188, 8188, 8188, 8188, 8188, 8188, 8188, 8188,
	8188, 8188, 8188, 8188, 8188, 8188, 8188, 8188, 8188, 8188, 8188, 8188, 8188, 8188, 8188,
}
SHORT_test = {
	6900, 8188,
}

U3_BLU_JITTER_Lower = {
	0, 0, 0, 0, 0, 0, 0, 0, 0, 0, 0, 0, 0, 0, 0,
	0, 0, 0, 0, 0, 0, 0, 0, 0, 0, 0, 0, 0, 0, 0,
	0, 0, 0, 0, 0, 0, 0, 0, 0, 0, 0, 0, 0, 0, 0,
	0, 0, 0, 0, 0, 0, 0, 0, 0, 0, 0, 0, 0, 0, 0,
	0, 0, 0, 0, 0, 0, 0, 0, 0, 0, 0, 0, 0, 0, 0,
	0, 0, 0, 0, 0, 0, 0, 0, 0, 0, 0, 0, 0, 0, 0,
	0, 0, 0, 0, 0, 0, 0, 0, 0, 0, 0, 0, 0, 0, 0,
	0, 0, 0, 0, 0, 0, 0, 0, 0, 0, 0, 0, 0, 0, 0,
	0, 0, 0, 0, 0, 0, 0, 0, 0, 0, 0, 0, 0, 0, 0,
	0, 0, 0, 0, 0, 0, 0, 0, 0, 0, 0, 0, 0, 0, 0,
	0, 0, 0, 0, 0, 0, 0, 0, 0, 0, 0, 0, 0, 0, 0,
	0, 0, 0, 0, 0, 0, 0, 0, 0, 0, 0, 0, 0, 0, 0,
	0, 0, 0, 0, 0, 0, 0, 0, 0, 0, 0, 0, 0, 0, 0,
	0, 0, 0, 0, 0, 0, 0, 0, 0, 0, 0, 0, 0, 0, 0,
	0, 0, 0, 0, 0, 0, 0, 0, 0, 0, 0, 0, 0, 0, 0,
	0, 0, 0, 0, 0, 0, 0, 0, 0, 0, 0, 0, 0, 0, 0,
	0, 0, 0, 0, 0, 0, 0, 0, 0, 0, 0, 0, 0, 0, 0,
	0, 0, 0, 0, 0, 0, 0, 0, 0, 0, 0, 0, 0, 0, 0,
	0, 0, 0, 0, 0, 0, 0, 0, 0, 0, 0, 0, 0, 0, 0,
	0, 0, 0, 0, 0, 0, 0, 0, 0, 0, 0, 0, 0, 0, 0,
	0, 0, 0, 0, 0, 0, 0, 0, 0, 0, 0, 0, 0, 0, 0,
	0, 0, 0, 0, 0, 0, 0, 0, 0, 0, 0, 0, 0, 0, 0,
	0, 0, 0, 0, 0, 0, 0, 0, 0, 0, 0, 0, 0, 0, 0,
	0, 0, 0, 0, 0, 0, 0, 0, 0, 0, 0, 0, 0, 0, 0,
	0, 0, 0, 0, 0, 0, 0, 0, 0, 0, 0, 0, 0, 0, 0,
	0, 0, 0, 0, 0, 0, 0, 0, 0, 0, 0, 0, 0, 0, 0,
	0, 0, 0, 0, 0, 0, 0, 0, 0, 0, 0, 0, 0, 0, 0,
	0, 0, 0, 0, 0, 0, 0, 0, 0, 0, 0, 0, 0, 0, 0,
	0, 0, 0, 0, 0, 0, 0, 0, 0, 0, 0, 0, 0, 0, 0,
	0, 0, 0, 0, 0, 0, 0, 0, 0, 0, 0, 0, 0, 0, 0,
	0, 0, 0, 0, 0, 0, 0, 0, 0, 0, 0, 0, 0, 0, 0,
	0, 0, 0, 0, 0, 0, 0, 0, 0, 0, 0, 0, 0, 0, 0,
	0, 0, 0, 0, 0, 0, 0, 0, 0, 0, 0, 0, 0, 0, 0,
	0, 0, 0, 0, 0, 0, 0, 0, 0, 0, 0, 0, 0, 0, 0,
}
U3_BLU_JITTER_Upper = {
	80, 80, 80, 80, 80, 80, 80, 80, 80, 80, 80, 80, 80, 80, 80,
	80, 80, 80, 80, 80, 80, 80, 80, 80, 80, 80, 80, 80, 80, 80,
	80, 80, 80, 80, 80, 80, 80, 80, 80, 80, 80, 80, 80, 80, 80,
	80, 80, 80, 80, 80, 80, 80, 80, 80, 80, 80, 80, 80, 80, 80,
	80, 80, 80, 80, 80, 80, 80, 80, 80, 80, 80, 80, 80, 80, 80,
	80, 80, 80, 80, 80, 80, 80, 80, 80, 80, 80, 80, 80, 80, 80,
	80, 80, 80, 80, 80, 80, 80, 80, 80, 80, 80, 80, 80, 80, 80,
	80, 80, 80, 80, 80, 80, 80, 80, 80, 80, 80, 80, 80, 80, 80,
	80, 80, 80, 80, 80, 80, 80, 80, 80, 80, 80, 80, 80, 80, 80,
	80, 80, 80, 80, 80, 80, 80, 80, 80, 80, 80, 80, 80, 80, 80,
	80, 80, 80, 80, 80, 80, 80, 80, 80, 80, 80, 80, 80, 80, 80,
	80, 80, 80, 80, 80, 80, 80, 80, 80, 80, 80, 80, 80, 80, 80,
	80, 80, 80, 80, 80, 80, 80, 80, 80, 80, 80, 80, 80, 80, 80,
	80, 80, 80, 80, 80, 80, 80, 80, 80, 80, 80, 80, 80, 80, 80,
	80, 80, 80, 80, 80, 80, 80, 80, 80, 80, 80, 80, 80, 80, 80,
	80, 80, 80, 80, 80, 80, 80, 80, 80, 80, 80, 80, 80, 80, 80,
	80, 80, 80, 80, 80, 80, 80, 80, 80, 80, 80, 80, 80, 80, 80,
	80, 80, 80, 80, 80, 80, 80, 80, 80, 80, 80, 80, 80, 80, 80,
	80, 80, 80, 80, 80, 80, 80, 80, 80, 80, 80, 80, 80, 80, 80,
	80, 80, 80, 80, 80, 80, 80, 80, 80, 80, 80, 80, 80, 80, 80,
	80, 80, 80, 80, 80, 80, 80, 80, 80, 80, 80, 80, 80, 80, 80,
	80, 80, 80, 80, 80, 80, 80, 80, 80, 80, 80, 80, 80, 80, 80,
	80, 80, 80, 80, 80, 80, 80, 80, 80, 80, 80, 80, 80, 80, 80,
	80, 80, 80, 80, 80, 80, 80, 80, 80, 80, 80, 80, 80, 80, 80,
	80, 80, 80, 80, 80, 80, 80, 80, 80, 80, 80, 80, 80, 80, 80,
	80, 80, 80, 80, 80, 80, 80, 80, 80, 80, 80, 80, 80, 80, 80,
	80, 80, 80, 80, 80, 80, 80, 80, 80, 80, 80, 80, 80, 80, 80,
	80, 80, 80, 80, 80, 80, 80, 80, 80, 80, 80, 80, 80, 80, 80,
	80, 80, 80, 80, 80, 80, 80, 80, 80, 80, 80, 80, 80, 80, 80,
	80, 80, 80, 80, 80, 80, 80, 80, 80, 80, 80, 80, 80, 80, 80,
	80, 80, 80, 80, 80, 80, 80, 80, 80, 80, 80, 80, 80, 80, 80,
	80, 80, 80, 80, 80, 80, 80, 80, 80, 80, 80, 80, 80, 80, 80,
	80, 80, 80, 80, 80, 80, 80, 80, 80, 80, 80, 80, 80, 80, 80,
	80, 80, 80, 80, 80, 80, 80, 80, 80, 80, 80, 80, 80, 80, 80,
}
U3_JITTER_Lower = {
	0, 0, 0, 0, 0, 0, 0, 0, 0, 0, 0, 0, 0, 0, 0,
	0, 0, 0, 0, 0, 0, 0, 0, 0, 0, 0, 0, 0, 0, 0,
	0, 0, 0, 0, 0, 0, 0, 0, 0, 0, 0, 0, 0, 0, 0,
	0, 0, 0, 0, 0, 0, 0, 0, 0, 0, 0, 0, 0, 0, 0,
	0, 0, 0, 0, 0, 0, 0, 0, 0, 0, 0, 0, 0, 0, 0,
	0, 0, 0, 0, 0, 0, 0, 0, 0, 0, 0, 0, 0, 0, 0,
	0, 0, 0, 0, 0, 0, 0, 0, 0, 0, 0, 0, 0, 0, 0,
	0, 0, 0, 0, 0, 0, 0, 0, 0, 0, 0, 0, 0, 0, 0,
	0, 0, 0, 0, 0, 0, 0, 0, 0, 0, 0, 0, 0, 0, 0,
	0, 0, 0, 0, 0, 0, 0, 0, 0, 0, 0, 0, 0, 0, 0,
	0, 0, 0, 0, 0, 0, 0, 0, 0, 0, 0, 0, 0, 0, 0,
	0, 0, 0, 0, 0, 0, 0, 0, 0, 0, 0, 0, 0, 0, 0,
	0, 0, 0, 0, 0, 0, 0, 0, 0, 0, 0, 0, 0, 0, 0,
	0, 0, 0, 0, 0, 0, 0, 0, 0, 0, 0, 0, 0, 0, 0,
	0, 0, 0, 0, 0, 0, 0, 0, 0, 0, 0, 0, 0, 0, 0,
	0, 0, 0, 0, 0, 0, 0, 0, 0, 0, 0, 0, 0, 0, 0,
	0, 0, 0, 0, 0, 0, 0, 0, 0, 0, 0, 0, 0, 0, 0,
	0, 0, 0, 0, 0, 0, 0, 0, 0, 0, 0, 0, 0, 0, 0,
	0, 0, 0, 0, 0, 0, 0, 0, 0, 0, 0, 0, 0, 0, 0,
	0, 0, 0, 0, 0, 0, 0, 0, 0, 0, 0, 0, 0, 0, 0,
	0, 0, 0, 0, 0, 0, 0, 0, 0, 0, 0, 0, 0, 0, 0,
	0, 0, 0, 0, 0, 0, 0, 0, 0, 0, 0, 0, 0, 0, 0,
	0, 0, 0, 0, 0, 0, 0, 0, 0, 0, 0, 0, 0, 0, 0,
	0, 0, 0, 0, 0, 0, 0, 0, 0, 0, 0, 0, 0, 0, 0,
	0, 0, 0, 0, 0, 0, 0, 0, 0, 0, 0, 0, 0, 0, 0,
	0, 0, 0, 0, 0, 0, 0, 0, 0, 0, 0, 0, 0, 0, 0,
	0, 0, 0, 0, 0, 0, 0, 0, 0, 0, 0, 0, 0, 0, 0,
	0, 0, 0, 0, 0, 0, 0, 0, 0, 0, 0, 0, 0, 0, 0,
	0, 0, 0, 0, 0, 0, 0, 0, 0, 0, 0, 0, 0, 0, 0,
	0, 0, 0, 0, 0, 0, 0, 0, 0, 0, 0, 0, 0, 0, 0,
	0, 0, 0, 0, 0, 0, 0, 0, 0, 0, 0, 0, 0, 0, 0,
	0, 0, 0, 0, 0, 0, 0, 0, 0, 0, 0, 0, 0, 0, 0,
	0, 0, 0, 0, 0, 0, 0, 0, 0, 0, 0, 0, 0, 0, 0,
	0, 0, 0, 0, 0, 0, 0, 0, 0, 0, 0, 0, 0, 0, 0,
}
U3_JITTER_Upper = {
	80, 80, 80, 80, 80, 80, 80, 80, 80, 80, 80, 80, 80, 80, 80,
	80, 80, 80, 80, 80, 80, 80, 80, 80, 80, 80, 80, 80, 80, 80,
	80, 80, 80, 80, 80, 80, 80, 80, 80, 80, 80, 80, 80, 80, 80,
	80, 80, 80, 80, 80, 80, 80, 80, 80, 80, 80, 80, 80, 80, 80,
	80, 80, 80, 80, 80, 80, 80, 80, 80, 80, 80, 80, 80, 80, 80,
	80, 80, 80, 80, 80, 80, 80, 80, 80, 80, 80, 80, 80, 80, 80,
	80, 80, 80, 80, 80, 80, 80, 80, 80, 80, 80, 80, 80, 80, 80,
	80, 80, 80, 80, 80, 80, 80, 80, 80, 80, 80, 80, 80, 80, 80,
	80, 80, 80, 80, 80, 80, 80, 80, 80, 80, 80, 80, 80, 80, 80,
	80, 80, 80, 80, 80, 80, 80, 80, 80, 80, 80, 80, 80, 80, 80,
	80, 80, 80, 80, 80, 80, 80, 80, 80, 80, 80, 80, 80, 80, 80,
	80, 80, 80, 80, 80, 80, 80, 80, 80, 80, 80, 80, 80, 80, 80,
	80, 80, 80, 80, 80, 80, 80, 80, 80, 80, 80, 80, 80, 80, 80,
	80, 80, 80, 80, 80, 80, 80, 80, 80, 80, 80, 80, 80, 80, 80,
	80, 80, 80, 80, 80, 80, 80, 80, 80, 80, 80, 80, 80, 80, 80,
	80, 80, 80, 80, 80, 80, 80, 80, 80, 80, 80, 80, 80, 80, 80,
	80, 80, 80, 80, 80, 80, 80, 80, 80, 80, 80, 80, 80, 80, 80,
	80, 80, 80, 80, 80, 80, 80, 80, 80, 80, 80, 80, 80, 80, 80,
	80, 80, 80, 80, 80, 80, 80, 80, 80, 80, 80, 80, 80, 80, 80,
	80, 80, 80, 80, 80, 80, 80, 80, 80, 80, 80, 80, 80, 80, 80,
	80, 80, 80, 80, 80, 80, 80, 80, 80, 80, 80, 80, 80, 80, 80,
	80, 80, 80, 80, 80, 80, 80, 80, 80, 80, 80, 80, 80, 80, 80,
	80, 80, 80, 80, 80, 80, 80, 80, 80, 80, 80, 80, 80, 80, 80,
	80, 80, 80, 80, 80, 80, 80, 80, 80, 80, 80, 80, 80, 80, 80,
	80, 80, 80, 80, 80, 80, 80, 80, 80, 80, 80, 80, 80, 80, 80,
	80, 80, 80, 80, 80, 80, 80, 80, 80, 80, 80, 80, 80, 80, 80,
	80, 80, 80, 80, 80, 80, 80, 80, 80, 80, 80, 80, 80, 80, 80,
	80, 80, 80, 80, 80, 80, 80, 80, 80, 80, 80, 80, 80, 80, 80,
	80, 80, 80, 80, 80, 80, 80, 80, 80, 80, 80, 80, 80, 80, 80,
	80, 80, 80, 80, 80, 80, 80, 80, 80, 80, 80, 80, 80, 80, 80,
	80, 80, 80, 80, 80, 80, 80, 80, 80, 80, 80, 80, 80, 80, 80,
	80, 80, 80, 80, 80, 80, 80, 80, 80, 80, 80, 80, 80, 80, 80,
	80, 80, 80, 80, 80, 80, 80, 80, 80, 80, 80, 80, 80, 80, 80,
	80, 80, 80, 80, 80, 80, 80, 80, 80, 80, 80, 80, 80, 80, 80,
}
AVERAGE_JITTER = {
	50, 50, 50, 50, 50, 50, 50, 50, 50, 50, 50, 50, 50, 50, 50,
	50, 50, 50, 50, 50, 50, 50, 50, 50, 50, 50, 50, 50, 50, 50,
	50, 50, 50, 50, 50, 50, 50, 50, 50, 50, 50, 50, 50, 50, 50,
	50, 50, 50, 50, 50, 50, 50, 50, 50, 50, 50, 50, 50, 50, 50,
	50, 50, 50, 50, 50, 50, 50, 50, 50, 50, 50, 50, 50, 50, 50,
	50, 50, 50, 50, 50, 50, 50, 50, 50, 50, 50, 50, 50, 50, 50,
	50, 50, 50, 50, 50, 50, 50, 50, 50, 50, 50, 50, 50, 50, 50,
	50, 50, 50, 50, 50, 50, 50, 50, 50, 50, 50, 50, 50, 50, 50,
	50, 50, 50, 50, 50, 50, 50, 50, 50, 50, 50, 50, 50, 50, 50,
	50, 50, 50, 50, 50, 50, 50, 50, 50, 50, 50, 50, 50, 50, 50,
	50, 50, 50, 50, 50, 50, 50, 50, 50, 50, 50, 50, 50, 50, 50,
	50, 50, 50, 50, 50, 50, 50, 50, 50, 50, 50, 50, 50, 50, 50,
	50, 50, 50, 50, 50, 50, 50, 50, 50, 50, 50, 50, 50, 50, 50,
	50, 50, 50, 50, 50, 50, 50, 50, 50, 50, 50, 50, 50, 50, 50,
	50, 50, 50, 50, 50, 50, 50, 50, 50, 50, 50, 50, 50, 50, 50,
	50, 50, 50, 50, 50, 50, 50, 50, 50, 50, 50, 50, 50, 50, 50,
	50, 50, 50, 50, 50, 50, 50, 50, 50, 50, 50, 50, 50, 50, 50,
	50, 50, 50, 50, 50, 50, 50, 50, 50, 50, 50, 50, 50, 50, 50,
	50, 50, 50, 50, 50, 50, 50, 50, 50, 50, 50, 50, 50, 50, 50,
	50, 50, 50, 50, 50, 50, 50, 50, 50, 50, 50, 50, 50, 50, 50,
	50, 50, 50, 50, 50, 50, 50, 50, 50, 50, 50, 50, 50, 50, 50,
	50, 50, 50, 50, 50, 50, 50, 50, 50, 50, 50, 50, 50, 50, 50,
	50, 50, 50, 50, 50, 50, 50, 50, 50, 50, 50, 50, 50, 50, 50,
	50, 50, 50, 50, 50, 50, 50, 50, 50, 50, 50, 50, 50, 50, 50,
	50, 50, 50, 50, 50, 50, 50, 50, 50, 50, 50, 50, 50, 50, 50,
	50, 50, 50, 50, 50, 50, 50, 50, 50, 50, 50, 50, 50, 50, 50,
	50, 50, 50, 50, 50, 50, 50, 50, 50, 50, 50, 50, 50, 50, 50,
	50, 50, 50, 50, 50, 50, 50, 50, 50, 50, 50, 50, 50, 50, 50,
	50, 50, 50, 50, 50, 50, 50, 50, 50, 50, 50, 50, 50, 50, 50,
	50, 50, 50, 50, 50, 50, 50, 50, 50, 50, 50, 50, 50, 50, 50,
	50, 50, 50, 50, 50, 50, 50, 50, 50, 50, 50, 50, 50, 50, 50,
	50, 50, 50, 50, 50, 50, 50, 50, 50, 50, 50, 50, 50, 50, 50,
	50, 50, 50, 50, 50, 50, 50, 50, 50, 50, 50, 50, 50, 50, 50,
	50, 50, 50, 50, 50, 50, 50, 50, 50, 50, 50, 50, 50, 50, 50,
}
U3_M2_RAW_SELF = {
	2000, 6000,
}
U3_M2_JITTER_SELF = {
	0, 80,
}
U0_M1_RAW_SELF = {
	400, 1500,
}
