OPEN_Lower = {
	1950, 1950, 1950, 1950, 1950, 1950, 1950, 1950, 1950, 1950, 1950, 1950, 1950, 1950, 1950, 1950, 1950, 1950,
	1950, 1950, 1950, 1950, 1950, 1950, 1950, 1950, 1950, 1950, 1950, 1950, 1950, 1950, 1950, 1950, 1950, 1950,
	1950, 1950, 1950, 1950, 1950, 1950, 1950, 1950, 1950, 1950, 1950, 1950, 1950, 1950, 1950, 1950, 1950, 1950,
	1950, 1950, 1950, 1950, 1950, 1950, 1950, 1950, 1950, 1950, 1950, 1950, 1950, 1950, 1950, 1950, 1950, 1950,
	1950, 1950, 1950, 1950, 1950, 1950, 1950, 1950, 1950, 1950, 1950, 1950, 1950, 1950, 1950, 1950, 1950, 1950,
	1950, 1950, 1950, 1950, 1950, 1950, 1950, 1950, 1950, 1950, 1950, 1950, 1950, 1950, 1950, 1950, 1950, 1950,
	1950, 1950, 1950, 1950, 1950, 1950, 1950, 1950, 1950, 1950, 1950, 1950, 1950, 1950, 1950, 1950, 1950, 1950,
	1950, 1950, 1950, 1950, 1950, 1950, 1950, 1950, 1950, 1950, 1950, 1950, 1950, 1950, 1950, 1950, 1950, 1950,
	1950, 1950, 1950, 1950, 1950, 1950, 1950, 1950, 1950, 1950, 1950, 1950, 1950, 1950, 1950, 1950, 1950, 1950,
	1950, 1950, 1950, 1950, 1950, 1950, 1950, 1950, 1950, 1950, 1950, 1950, 1950, 1950, 1950, 1950, 1950, 1950,
	1950, 1950, 1950, 1950, 1950, 1950, 1950, 1950, 1950, 1950, 1950, 1950, 1950, 1950, 1950, 1950, 1950, 1950,
	1950, 1950, 1950, 1950, 1950, 1950, 1950, 1950, 1950, 1950, 1950, 1950, 1950, 1950, 1950, 1950, 1950, 1950,
	1950, 1950, 1950, 1950, 1950, 1950, 1950, 1950, 1950, 1950, 1950, 1950, 1950, 1950, 1950, 1950, 1950, 1950,
	1950, 1950, 1950, 1950, 1950, 1950, 1950, 1950, 1950, 1950, 1950, 1950, 1950, 1950, 1950, 1950, 1950, 1950,
	1950, 1950, 1950, 1950, 1950, 1950, 1950, 1950, 1950, 1950, 1950, 1950, 1950, 1950, 1950, 1950, 1950, 1950,
	1950, 1950, 1950, 1950, 1950, 1950, 1950, 1950, 1950, 1950, 1950, 1950, 1950, 1950, 1950, 1950, 1950, 1950,
	1950, 1950, 1950, 1950, 1950, 1950, 1950, 1950, 1950, 1950, 1950, 1950, 1950, 1950, 1950, 1950, 1950, 1950,
	1950, 1950, 1950, 1950, 1950, 1950, 1950, 1950, 1950, 1950, 1950, 1950, 1950, 1950, 1950, 1950, 1950, 1950,
	1950, 1950, 1950, 1950, 1950, 1950, 1950, 1950, 1950, 1950, 1950, 1950, 1950, 1950, 1950, 1950, 1950, 1950,
	1950, 1950, 1950, 1950, 1950, 1950, 1950, 1950, 1950, 1950, 1950, 1950, 1950, 1950, 1950, 1950, 1950, 1950,
	1950, 1950, 1950, 1950, 1950, 1950, 1950, 1950, 1950, 1950, 1950, 1950, 1950, 1950, 1950, 1950, 1950, 1950,
	1950, 1950, 1950, 1950, 1950, 1950, 1950, 1950, 1950, 1950, 1950, 1950, 1950, 1950, 1950, 1950, 1950, 1950,
	1950, 1950, 1950, 1950, 1950, 1950, 1950, 1950, 1950, 1950, 1950, 1950, 1950, 1950, 1950, 1950, 1950, 1950,
	1950, 1950, 1950, 1950, 1950, 1950, 1950, 1950, 1950, 1950, 1950, 1950, 1950, 1950, 1950, 1950, 1950, 1950,
	1950, 1950, 1950, 1950, 1950, 1950, 1950, 1950, 1950, 1950, 1950, 1950, 1950, 1950, 1950, 1950, 1950, 1950,
	1950, 1950, 1950, 1950, 1950, 1950, 1950, 1950, 1950, 1950, 1950, 1950, 1950, 1950, 1950, 1950, 1950, 1950,
	1950, 1950, 1950, 1950, 1950, 1950, 1950, 1950, 1950, 1950, 1950, 1950, 1950, 1950, 1950, 1950, 1950, 1950,
	1950, 1950, 1950, 1950, 1950, 1950, 1950, 1950, 1950, 1950, 1950, 1950, 1950, 1950, 1950, 1950, 1950, 1950,
	1950, 1950, 1950, 1950, 1950, 1950, 1950, 1950, 1950, 1950, 1950, 1950, 1950, 1950, 1950, 1950, 1950, 1950,
	1950, 1950, 1950, 1950, 1950, 1950, 1950, 1950, 1950, 1950, 1950, 1950, 1950, 1950, 1950, 1950, 1950, 1950,
	1950, 1950, 1950, 1950, 1950, 1950, 1950, 1950, 1950, 1950, 1950, 1950, 1950, 1950, 1950, 1950, 1950, 1950,
	1950, 1950, 1950, 1950, 1950, 1950, 1950, 1950, 1950, 1950, 1950, 1950, 1950, 1950, 1950, 1950, 1950, 1950,
	1950, 1950, 1950, 1950, 1950, 1950, 1950, 1950, 1950, 1950, 1950, 1950, 1950, 1950, 1950, 1950, 1950, 1950,
	1950, 1950, 1950, 1950, 1950, 1950, 1950, 1950, 1950, 1950, 1950, 1950, 1950, 1950, 1950, 1950, 1950, 1950,
	1950, 1950, 1950, 1950, 1950, 1950, 1950, 1950, 1950, 1950, 1950, 1950, 1950, 1950, 1950, 1950, 1950, 1950,
	1950, 1950, 1950, 1950, 1950, 1950, 1950, 1950, 1950, 1950, 1950, 1950, 1950, 1950, 1950, 1950, 1950, 1950,
	1950, 1950, 1950, 1950, 1950, 1950, 1950, 1950, 1950, 1950, 1950, 1950, 1950, 1950, 1950, 1950, 1950, 1950,
	1950, 1950, 1950, 1950, 1950, 1950, 1950, 1950, 1950, 1950, 1950, 1950, 1950, 1950, 1950, 1950, 1950, 1950,
}

OPEN_Upper = {
	8192, 8192, 8192, 8192, 8192, 8192, 8192, 8192, 8192, 8192, 8192, 8192, 8192, 8192, 8192, 8192, 8192, 8192,
	8192, 8192, 8192, 8192, 8192, 8192, 8192, 8192, 8192, 8192, 8192, 8192, 8192, 8192, 8192, 8192, 8192, 8192,
	8192, 8192, 8192, 8192, 8192, 8192, 8192, 8192, 8192, 8192, 8192, 8192, 8192, 8192, 8192, 8192, 8192, 8192,
	8192, 8192, 8192, 8192, 8192, 8192, 8192, 8192, 8192, 8192, 8192, 8192, 8192, 8192, 8192, 8192, 8192, 8192,
	8192, 8192, 8192, 8192, 8192, 8192, 8192, 8192, 8192, 8192, 8192, 8192, 8192, 8192, 8192, 8192, 8192, 8192,
	8192, 8192, 8192, 8192, 8192, 8192, 8192, 8192, 8192, 8192, 8192, 8192, 8192, 8192, 8192, 8192, 8192, 8192,
	8192, 8192, 8192, 8192, 8192, 8192, 8192, 8192, 8192, 8192, 8192, 8192, 8192, 8192, 8192, 8192, 8192, 8192,
	8192, 8192, 8192, 8192, 8192, 8192, 8192, 8192, 8192, 8192, 8192, 8192, 8192, 8192, 8192, 8192, 8192, 8192,
	8192, 8192, 8192, 8192, 8192, 8192, 8192, 8192, 8192, 8192, 8192, 8192, 8192, 8192, 8192, 8192, 8192, 8192,
	8192, 8192, 8192, 8192, 8192, 8192, 8192, 8192, 8192, 8192, 8192, 8192, 8192, 8192, 8192, 8192, 8192, 8192,
	8192, 8192, 8192, 8192, 8192, 8192, 8192, 8192, 8192, 8192, 8192, 8192, 8192, 8192, 8192, 8192, 8192, 8192,
	8192, 8192, 8192, 8192, 8192, 8192, 8192, 8192, 8192, 8192, 8192, 8192, 8192, 8192, 8192, 8192, 8192, 8192,
	8192, 8192, 8192, 8192, 8192, 8192, 8192, 8192, 8192, 8192, 8192, 8192, 8192, 8192, 8192, 8192, 8192, 8192,
	8192, 8192, 8192, 8192, 8192, 8192, 8192, 8192, 8192, 8192, 8192, 8192, 8192, 8192, 8192, 8192, 8192, 8192,
	8192, 8192, 8192, 8192, 8192, 8192, 8192, 8192, 8192, 8192, 8192, 8192, 8192, 8192, 8192, 8192, 8192, 8192,
	8192, 8192, 8192, 8192, 8192, 8192, 8192, 8192, 8192, 8192, 8192, 8192, 8192, 8192, 8192, 8192, 8192, 8192,
	8192, 8192, 8192, 8192, 8192, 8192, 8192, 8192, 8192, 8192, 8192, 8192, 8192, 8192, 8192, 8192, 8192, 8192,
	8192, 8192, 8192, 8192, 8192, 8192, 8192, 8192, 8192, 8192, 8192, 8192, 8192, 8192, 8192, 8192, 8192, 8192,
	8192, 8192, 8192, 8192, 8192, 8192, 8192, 8192, 8192, 8192, 8192, 8192, 8192, 8192, 8192, 8192, 8192, 8192,
	8192, 8192, 8192, 8192, 8192, 8192, 8192, 8192, 8192, 8192, 8192, 8192, 8192, 8192, 8192, 8192, 8192, 8192,
	8192, 8192, 8192, 8192, 8192, 8192, 8192, 8192, 8192, 8192, 8192, 8192, 8192, 8192, 8192, 8192, 8192, 8192,
	8192, 8192, 8192, 8192, 8192, 8192, 8192, 8192, 8192, 8192, 8192, 8192, 8192, 8192, 8192, 8192, 8192, 8192,
	8192, 8192, 8192, 8192, 8192, 8192, 8192, 8192, 8192, 8192, 8192, 8192, 8192, 8192, 8192, 8192, 8192, 8192,
	8192, 8192, 8192, 8192, 8192, 8192, 8192, 8192, 8192, 8192, 8192, 8192, 8192, 8192, 8192, 8192, 8192, 8192,
	8192, 8192, 8192, 8192, 8192, 8192, 8192, 8192, 8192, 8192, 8192, 8192, 8192, 8192, 8192, 8192, 8192, 8192,
	8192, 8192, 8192, 8192, 8192, 8192, 8192, 8192, 8192, 8192, 8192, 8192, 8192, 8192, 8192, 8192, 8192, 8192,
	8192, 8192, 8192, 8192, 8192, 8192, 8192, 8192, 8192, 8192, 8192, 8192, 8192, 8192, 8192, 8192, 8192, 8192,
	8192, 8192, 8192, 8192, 8192, 8192, 8192, 8192, 8192, 8192, 8192, 8192, 8192, 8192, 8192, 8192, 8192, 8192,
	8192, 8192, 8192, 8192, 8192, 8192, 8192, 8192, 8192, 8192, 8192, 8192, 8192, 8192, 8192, 8192, 8192, 8192,
	8192, 8192, 8192, 8192, 8192, 8192, 8192, 8192, 8192, 8192, 8192, 8192, 8192, 8192, 8192, 8192, 8192, 8192,
	8192, 8192, 8192, 8192, 8192, 8192, 8192, 8192, 8192, 8192, 8192, 8192, 8192, 8192, 8192, 8192, 8192, 8192,
	8192, 8192, 8192, 8192, 8192, 8192, 8192, 8192, 8192, 8192, 8192, 8192, 8192, 8192, 8192, 8192, 8192, 8192,
	8192, 8192, 8192, 8192, 8192, 8192, 8192, 8192, 8192, 8192, 8192, 8192, 8192, 8192, 8192, 8192, 8192, 8192,
	8192, 8192, 8192, 8192, 8192, 8192, 8192, 8192, 8192, 8192, 8192, 8192, 8192, 8192, 8192, 8192, 8192, 8192,
	8192, 8192, 8192, 8192, 8192, 8192, 8192, 8192, 8192, 8192, 8192, 8192, 8192, 8192, 8192, 8192, 8192, 8192,
	8192, 8192, 8192, 8192, 8192, 8192, 8192, 8192, 8192, 8192, 8192, 8192, 8192, 8192, 8192, 8192, 8192, 8192,
	8192, 8192, 8192, 8192, 8192, 8192, 8192, 8192, 8192, 8192, 8192, 8192, 8192, 8192, 8192, 8192, 8192, 8192,
	8192, 8192, 8192, 8192, 8192, 8192, 8192, 8192, 8192, 8192, 8192, 8192, 8192, 8192, 8192, 8192, 8192, 8192,
}

SHORT_Lower = {
	1200, 1200, 1200, 1200, 1200, 1200, 1200, 1200, 1200, 1200, 1200, 1200, 1200, 1200, 1200, 1200, 1200, 1200,
	1200, 1200, 1200, 1200, 1200, 1200, 1200, 1200, 1200, 1200, 1200, 1200, 1200, 1200, 1200, 1200, 1200, 1200,
	1200, 1200, 1200, 1200, 1200, 1200, 1200, 1200, 1200, 1200, 1200, 1200, 1200, 1200, 1200, 1200, 1200, 1200,
	1200, 1200, 1200, 1200, 1200, 1200, 1200, 1200, 1200, 1200, 1200, 1200, 1200, 1200, 1200, 1200, 1200, 1200,
	1200, 1200, 1200, 1200, 1200, 1200, 1200, 1200, 1200, 1200, 1200, 1200, 1200, 1200, 1200, 1200, 1200, 1200,
	1200, 1200, 1200, 1200, 1200, 1200, 1200, 1200, 1200, 1200, 1200, 1200, 1200, 1200, 1200, 1200, 1200, 1200,
	1200, 1200, 1200, 1200, 1200, 1200, 1200, 1200, 1200, 1200, 1200, 1200, 1200, 1200, 1200, 1200, 1200, 1200,
	1200, 1200, 1200, 1200, 1200, 1200, 1200, 1200, 1200, 1200, 1200, 1200, 1200, 1200, 1200, 1200, 1200, 1200,
	1200, 1200, 1200, 1200, 1200, 1200, 1200, 1200, 1200, 1200, 1200, 1200, 1200, 1200, 1200, 1200, 1200, 1200,
	1200, 1200, 1200, 1200, 1200, 1200, 1200, 1200, 1200, 1200, 1200, 1200, 1200, 1200, 1200, 1200, 1200, 1200,
	1200, 1200, 1200, 1200, 1200, 1200, 1200, 1200, 1200, 1200, 1200, 1200, 1200, 1200, 1200, 1200, 1200, 1200,
	1200, 1200, 1200, 1200, 1200, 1200, 1200, 1200, 1200, 1200, 1200, 1200, 1200, 1200, 1200, 1200, 1200, 1200,
	1200, 1200, 1200, 1200, 1200, 1200, 1200, 1200, 1200, 1200, 1200, 1200, 1200, 1200, 1200, 1200, 1200, 1200,
	1200, 1200, 1200, 1200, 1200, 1200, 1200, 1200, 1200, 1200, 1200, 1200, 1200, 1200, 1200, 1200, 1200, 1200,
	1200, 1200, 1200, 1200, 1200, 1200, 1200, 1200, 1200, 1200, 1200, 1200, 1200, 1200, 1200, 1200, 1200, 1200,
	1200, 1200, 1200, 1200, 1200, 1200, 1200, 1200, 1200, 1200, 1200, 1200, 1200, 1200, 1200, 1200, 1200, 1200,
	1200, 1200, 1200, 1200, 1200, 1200, 1200, 1200, 1200, 1200, 1200, 1200, 1200, 1200, 1200, 1200, 1200, 1200,
	1200, 1200, 1200, 1200, 1200, 1200, 1200, 1200, 1200, 1200, 1200, 1200, 1200, 1200, 1200, 1200, 1200, 1200,
	1200, 1200, 1200, 1200, 1200, 1200, 1200, 1200, 1200, 1200, 1200, 1200, 1200, 1200, 1200, 1200, 1200, 1200,
	1200, 1200, 1200, 1200, 1200, 1200, 1200, 1200, 1200, 1200, 1200, 1200, 1200, 1200, 1200, 1200, 1200, 1200,
	1200, 1200, 1200, 1200, 1200, 1200, 1200, 1200, 1200, 1200, 1200, 1200, 1200, 1200, 1200, 1200, 1200, 1200,
	1200, 1200, 1200, 1200, 1200, 1200, 1200, 1200, 1200, 1200, 1200, 1200, 1200, 1200, 1200, 1200, 1200, 1200,
	1200, 1200, 1200, 1200, 1200, 1200, 1200, 1200, 1200, 1200, 1200, 1200, 1200, 1200, 1200, 1200, 1200, 1200,
	1200, 1200, 1200, 1200, 1200, 1200, 1200, 1200, 1200, 1200, 1200, 1200, 1200, 1200, 1200, 1200, 1200, 1200,
	1200, 1200, 1200, 1200, 1200, 1200, 1200, 1200, 1200, 1200, 1200, 1200, 1200, 1200, 1200, 1200, 1200, 1200,
	1200, 1200, 1200, 1200, 1200, 1200, 1200, 1200, 1200, 1200, 1200, 1200, 1200, 1200, 1200, 1200, 1200, 1200,
	1200, 1200, 1200, 1200, 1200, 1200, 1200, 1200, 1200, 1200, 1200, 1200, 1200, 1200, 1200, 1200, 1200, 1200,
	1200, 1200, 1200, 1200, 1200, 1200, 1200, 1200, 1200, 1200, 1200, 1200, 1200, 1200, 1200, 1200, 1200, 1200,
	1200, 1200, 1200, 1200, 1200, 1200, 1200, 1200, 1200, 1200, 1200, 1200, 1200, 1200, 1200, 1200, 1200, 1200,
	1200, 1200, 1200, 1200, 1200, 1200, 1200, 1200, 1200, 1200, 1200, 1200, 1200, 1200, 1200, 1200, 1200, 1200,
	1200, 1200, 1200, 1200, 1200, 1200, 1200, 1200, 1200, 1200, 1200, 1200, 1200, 1200, 1200, 1200, 1200, 1200,
	1200, 1200, 1200, 1200, 1200, 1200, 1200, 1200, 1200, 1200, 1200, 1200, 1200, 1200, 1200, 1200, 1200, 1200,
	1200, 1200, 1200, 1200, 1200, 1200, 1200, 1200, 1200, 1200, 1200, 1200, 1200, 1200, 1200, 1200, 1200, 1200,
	1200, 1200, 1200, 1200, 1200, 1200, 1200, 1200, 1200, 1200, 1200, 1200, 1200, 1200, 1200, 1200, 1200, 1200,
	1200, 1200, 1200, 1200, 1200, 1200, 1200, 1200, 1200, 1200, 1200, 1200, 1200, 1200, 1200, 1200, 1200, 1200,
	1200, 1200, 1200, 1200, 1200, 1200, 1200, 1200, 1200, 1200, 1200, 1200, 1200, 1200, 1200, 1200, 1200, 1200,
	1200, 1200, 1200, 1200, 1200, 1200, 1200, 1200, 1200, 1200, 1200, 1200, 1200, 1200, 1200, 1200, 1200, 1200,
	1200, 1200, 1200, 1200, 1200, 1200, 1200, 1200, 1200, 1200, 1200, 1200, 1200, 1200, 1200, 1200, 1200, 1200,
}

SHORT_Upper = {
	2300, 2300, 2300, 2300, 2300, 2300, 2300, 2300, 2300, 2300, 2300, 2300, 2300, 2300, 2300, 2300, 2300, 2300,
	2300, 2300, 2300, 2300, 2300, 2300, 2300, 2300, 2300, 2300, 2300, 2300, 2300, 2300, 2300, 2300, 2300, 2300,
	2300, 2300, 2300, 2300, 2300, 2300, 2300, 2300, 2300, 2300, 2300, 2300, 2300, 2300, 2300, 2300, 2300, 2300,
	2300, 2300, 2300, 2300, 2300, 2300, 2300, 2300, 2300, 2300, 2300, 2300, 2300, 2300, 2300, 2300, 2300, 2300,
	2300, 2300, 2300, 2300, 2300, 2300, 2300, 2300, 2300, 2300, 2300, 2300, 2300, 2300, 2300, 2300, 2300, 2300,
	2300, 2300, 2300, 2300, 2300, 2300, 2300, 2300, 2300, 2300, 2300, 2300, 2300, 2300, 2300, 2300, 2300, 2300,
	2300, 2300, 2300, 2300, 2300, 2300, 2300, 2300, 2300, 2300, 2300, 2300, 2300, 2300, 2300, 2300, 2300, 2300,
	2300, 2300, 2300, 2300, 2300, 2300, 2300, 2300, 2300, 2300, 2300, 2300, 2300, 2300, 2300, 2300, 2300, 2300,
	2300, 2300, 2300, 2300, 2300, 2300, 2300, 2300, 2300, 2300, 2300, 2300, 2300, 2300, 2300, 2300, 2300, 2300,
	2300, 2300, 2300, 2300, 2300, 2300, 2300, 2300, 2300, 2300, 2300, 2300, 2300, 2300, 2300, 2300, 2300, 2300,
	2300, 2300, 2300, 2300, 2300, 2300, 2300, 2300, 2300, 2300, 2300, 2300, 2300, 2300, 2300, 2300, 2300, 2300,
	2300, 2300, 2300, 2300, 2300, 2300, 2300, 2300, 2300, 2300, 2300, 2300, 2300, 2300, 2300, 2300, 2300, 2300,
	2300, 2300, 2300, 2300, 2300, 2300, 2300, 2300, 2300, 2300, 2300, 2300, 2300, 2300, 2300, 2300, 2300, 2300,
	2300, 2300, 2300, 2300, 2300, 2300, 2300, 2300, 2300, 2300, 2300, 2300, 2300, 2300, 2300, 2300, 2300, 2300,
	2300, 2300, 2300, 2300, 2300, 2300, 2300, 2300, 2300, 2300, 2300, 2300, 2300, 2300, 2300, 2300, 2300, 2300,
	2300, 2300, 2300, 2300, 2300, 2300, 2300, 2300, 2300, 2300, 2300, 2300, 2300, 2300, 2300, 2300, 2300, 2300,
	2300, 2300, 2300, 2300, 2300, 2300, 2300, 2300, 2300, 2300, 2300, 2300, 2300, 2300, 2300, 2300, 2300, 2300,
	2300, 2300, 2300, 2300, 2300, 2300, 2300, 2300, 2300, 2300, 2300, 2300, 2300, 2300, 2300, 2300, 2300, 2300,
	2300, 2300, 2300, 2300, 2300, 2300, 2300, 2300, 2300, 2300, 2300, 2300, 2300, 2300, 2300, 2300, 2300, 2300,
	2300, 2300, 2300, 2300, 2300, 2300, 2300, 2300, 2300, 2300, 2300, 2300, 2300, 2300, 2300, 2300, 2300, 2300,
	2300, 2300, 2300, 2300, 2300, 2300, 2300, 2300, 2300, 2300, 2300, 2300, 2300, 2300, 2300, 2300, 2300, 2300,
	2300, 2300, 2300, 2300, 2300, 2300, 2300, 2300, 2300, 2300, 2300, 2300, 2300, 2300, 2300, 2300, 2300, 2300,
	2300, 2300, 2300, 2300, 2300, 2300, 2300, 2300, 2300, 2300, 2300, 2300, 2300, 2300, 2300, 2300, 2300, 2300,
	2300, 2300, 2300, 2300, 2300, 2300, 2300, 2300, 2300, 2300, 2300, 2300, 2300, 2300, 2300, 2300, 2300, 2300,
	2300, 2300, 2300, 2300, 2300, 2300, 2300, 2300, 2300, 2300, 2300, 2300, 2300, 2300, 2300, 2300, 2300, 2300,
	2300, 2300, 2300, 2300, 2300, 2300, 2300, 2300, 2300, 2300, 2300, 2300, 2300, 2300, 2300, 2300, 2300, 2300,
	2300, 2300, 2300, 2300, 2300, 2300, 2300, 2300, 2300, 2300, 2300, 2300, 2300, 2300, 2300, 2300, 2300, 2300,
	2300, 2300, 2300, 2300, 2300, 2300, 2300, 2300, 2300, 2300, 2300, 2300, 2300, 2300, 2300, 2300, 2300, 2300,
	2300, 2300, 2300, 2300, 2300, 2300, 2300, 2300, 2300, 2300, 2300, 2300, 2300, 2300, 2300, 2300, 2300, 2300,
	2300, 2300, 2300, 2300, 2300, 2300, 2300, 2300, 2300, 2300, 2300, 2300, 2300, 2300, 2300, 2300, 2300, 2300,
	2300, 2300, 2300, 2300, 2300, 2300, 2300, 2300, 2300, 2300, 2300, 2300, 2300, 2300, 2300, 2300, 2300, 2300,
	2300, 2300, 2300, 2300, 2300, 2300, 2300, 2300, 2300, 2300, 2300, 2300, 2300, 2300, 2300, 2300, 2300, 2300,
	2300, 2300, 2300, 2300, 2300, 2300, 2300, 2300, 2300, 2300, 2300, 2300, 2300, 2300, 2300, 2300, 2300, 2300,
	2300, 2300, 2300, 2300, 2300, 2300, 2300, 2300, 2300, 2300, 2300, 2300, 2300, 2300, 2300, 2300, 2300, 2300,
	2300, 2300, 2300, 2300, 2300, 2300, 2300, 2300, 2300, 2300, 2300, 2300, 2300, 2300, 2300, 2300, 2300, 2300,
	2300, 2300, 2300, 2300, 2300, 2300, 2300, 2300, 2300, 2300, 2300, 2300, 2300, 2300, 2300, 2300, 2300, 2300,
	2300, 2300, 2300, 2300, 2300, 2300, 2300, 2300, 2300, 2300, 2300, 2300, 2300, 2300, 2300, 2300, 2300, 2300,
	2300, 2300, 2300, 2300, 2300, 2300, 2300, 2300, 2300, 2300, 2300, 2300, 2300, 2300, 2300, 2300, 2300, 2300,
}

U3_M2_Lower = {
	4350, 4350, 4350, 4350, 4350, 4350, 4350, 4350, 4350, 4350, 4350, 4350, 4350, 4350, 4350, 4350, 4350, 4350,
	4350, 4350, 4350, 4350, 4350, 4350, 4350, 4350, 4350, 4350, 4350, 4350, 4350, 4350, 4350, 4350, 4350, 4350,
	4350, 4350, 4350, 4350, 4350, 4350, 4350, 4350, 4350, 4350, 4350, 4350, 4350, 4350, 4350, 4350, 4350, 4350,
	4350, 4350, 4350, 4350, 4350, 4350, 4350, 4350, 4350, 4350, 4350, 4350, 4350, 4350, 4350, 4350, 4350, 4350,
	4350, 4350, 4350, 4350, 4350, 4350, 4350, 4350, 4350, 4350, 4350, 4350, 4350, 4350, 4350, 4350, 4350, 4350,
	4350, 4350, 4350, 4350, 4350, 4350, 4350, 4350, 4350, 4350, 4350, 4350, 4350, 4350, 4350, 4350, 4350, 4350,
	4350, 4350, 4350, 4350, 4350, 4350, 4350, 4350, 4350, 4350, 4350, 4350, 4350, 4350, 4350, 4350, 4350, 4350,
	4350, 4350, 4350, 4350, 4350, 4350, 4350, 4350, 4350, 4350, 4350, 4350, 4350, 4350, 4350, 4350, 4350, 4350,
	4350, 4350, 4350, 4350, 4350, 4350, 4350, 4350, 4350, 4350, 4350, 4350, 4350, 4350, 4350, 4350, 4350, 4350,
	4350, 4350, 4350, 4350, 4350, 4350, 4350, 4350, 4350, 4350, 4350, 4350, 4350, 4350, 4350, 4350, 4350, 4350,
	4350, 4350, 4350, 4350, 4350, 4350, 4350, 4350, 4350, 4350, 4350, 4350, 4350, 4350, 4350, 4350, 4350, 4350,
	4350, 4350, 4350, 4350, 4350, 4350, 4350, 4350, 4350, 4350, 4350, 4350, 4350, 4350, 4350, 4350, 4350, 4350,
	4350, 4350, 4350, 4350, 4350, 4350, 4350, 4350, 4350, 4350, 4350, 4350, 4350, 4350, 4350, 4350, 4350, 4350,
	4350, 4350, 4350, 4350, 4350, 4350, 4350, 4350, 4350, 4350, 4350, 4350, 4350, 4350, 4350, 4350, 4350, 4350,
	4350, 4350, 4350, 4350, 4350, 4350, 4350, 4350, 4350, 4350, 4350, 4350, 4350, 4350, 4350, 4350, 4350, 4350,
	4350, 4350, 4350, 4350, 4350, 4350, 4350, 4350, 4350, 4350, 4350, 4350, 4350, 4350, 4350, 4350, 4350, 4350,
	4350, 4350, 4350, 4350, 4350, 4350, 4350, 4350, 4350, 4350, 4350, 4350, 4350, 4350, 4350, 4350, 4350, 4350,
	4350, 4350, 4350, 4350, 4350, 4350, 4350, 4350, 4350, 4350, 4350, 4350, 4350, 4350, 4350, 4350, 4350, 4350,
	4350, 4350, 4350, 4350, 4350, 4350, 4350, 4350, 4350, 4350, 4350, 4350, 4350, 4350, 4350, 4350, 4350, 4350,
	4350, 4350, 4350, 4350, 4350, 4350, 4350, 4350, 4350, 4350, 4350, 4350, 4350, 4350, 4350, 4350, 4350, 4350,
	4350, 4350, 4350, 4350, 4350, 4350, 4350, 4350, 4350, 4350, 4350, 4350, 4350, 4350, 4350, 4350, 4350, 4350,
	4350, 4350, 4350, 4350, 4350, 4350, 4350, 4350, 4350, 4350, 4350, 4350, 4350, 4350, 4350, 4350, 4350, 4350,
	4350, 4350, 4350, 4350, 4350, 4350, 4350, 4350, 4350, 4350, 4350, 4350, 4350, 4350, 4350, 4350, 4350, 4350,
	4350, 4350, 4350, 4350, 4350, 4350, 4350, 4350, 4350, 4350, 4350, 4350, 4350, 4350, 4350, 4350, 4350, 4350,
	4350, 4350, 4350, 4350, 4350, 4350, 4350, 4350, 4350, 4350, 4350, 4350, 4350, 4350, 4350, 4350, 4350, 4350,
	4350, 4350, 4350, 4350, 4350, 4350, 4350, 4350, 4350, 4350, 4350, 4350, 4350, 4350, 4350, 4350, 4350, 4350,
	4350, 4350, 4350, 4350, 4350, 4350, 4350, 4350, 4350, 4350, 4350, 4350, 4350, 4350, 4350, 4350, 4350, 4350,
	4350, 4350, 4350, 4350, 4350, 4350, 4350, 4350, 4350, 4350, 4350, 4350, 4350, 4350, 4350, 4350, 4350, 4350,
	4350, 4350, 4350, 4350, 4350, 4350, 4350, 4350, 4350, 4350, 4350, 4350, 4350, 4350, 4350, 4350, 4350, 4350,
	4350, 4350, 4350, 4350, 4350, 4350, 4350, 4350, 4350, 4350, 4350, 4350, 4350, 4350, 4350, 4350, 4350, 4350,
	4350, 4350, 4350, 4350, 4350, 4350, 4350, 4350, 4350, 4350, 4350, 4350, 4350, 4350, 4350, 4350, 4350, 4350,
	4350, 4350, 4350, 4350, 4350, 4350, 4350, 4350, 4350, 4350, 4350, 4350, 4350, 4350, 4350, 4350, 4350, 4350,
	4350, 4350, 4350, 4350, 4350, 4350, 4350, 4350, 4350, 4350, 4350, 4350, 4350, 4350, 4350, 4350, 4350, 4350,
	4350, 4350, 4350, 4350, 4350, 4350, 4350, 4350, 4350, 4350, 4350, 4350, 4350, 4350, 4350, 4350, 4350, 4350,
	4350, 4350, 4350, 4350, 4350, 4350, 4350, 4350, 4350, 4350, 4350, 4350, 4350, 4350, 4350, 4350, 4350, 4350,
	4350, 4350, 4350, 4350, 4350, 4350, 4350, 4350, 4350, 4350, 4350, 4350, 4350, 4350, 4350, 4350, 4350, 4350,
}
U3_M2_Upper = {
	5650, 5650, 5650, 5650, 5650, 5650, 5650, 5650, 5650, 5650, 5650, 5650, 5650, 5650, 5650, 5650, 5650, 5650,
	5650, 5650, 5650, 5650, 5650, 5650, 5650, 5650, 5650, 5650, 5650, 5650, 5650, 5650, 5650, 5650, 5650, 5650,
	5650, 5650, 5650, 5650, 5650, 5650, 5650, 5650, 5650, 5650, 5650, 5650, 5650, 5650, 5650, 5650, 5650, 5650,
	5650, 5650, 5650, 5650, 5650, 5650, 5650, 5650, 5650, 5650, 5650, 5650, 5650, 5650, 5650, 5650, 5650, 5650,
	5650, 5650, 5650, 5650, 5650, 5650, 5650, 5650, 5650, 5650, 5650, 5650, 5650, 5650, 5650, 5650, 5650, 5650,
	5650, 5650, 5650, 5650, 5650, 5650, 5650, 5650, 5650, 5650, 5650, 5650, 5650, 5650, 5650, 5650, 5650, 5650,
	5650, 5650, 5650, 5650, 5650, 5650, 5650, 5650, 5650, 5650, 5650, 5650, 5650, 5650, 5650, 5650, 5650, 5650,
	5650, 5650, 5650, 5650, 5650, 5650, 5650, 5650, 5650, 5650, 5650, 5650, 5650, 5650, 5650, 5650, 5650, 5650,
	5650, 5650, 5650, 5650, 5650, 5650, 5650, 5650, 5650, 5650, 5650, 5650, 5650, 5650, 5650, 5650, 5650, 5650,
	5650, 5650, 5650, 5650, 5650, 5650, 5650, 5650, 5650, 5650, 5650, 5650, 5650, 5650, 5650, 5650, 5650, 5650,
	5650, 5650, 5650, 5650, 5650, 5650, 5650, 5650, 5650, 5650, 5650, 5650, 5650, 5650, 5650, 5650, 5650, 5650,
	5650, 5650, 5650, 5650, 5650, 5650, 5650, 5650, 5650, 5650, 5650, 5650, 5650, 5650, 5650, 5650, 5650, 5650,
	5650, 5650, 5650, 5650, 5650, 5650, 5650, 5650, 5650, 5650, 5650, 5650, 5650, 5650, 5650, 5650, 5650, 5650,
	5650, 5650, 5650, 5650, 5650, 5650, 5650, 5650, 5650, 5650, 5650, 5650, 5650, 5650, 5650, 5650, 5650, 5650,
	5650, 5650, 5650, 5650, 5650, 5650, 5650, 5650, 5650, 5650, 5650, 5650, 5650, 5650, 5650, 5650, 5650, 5650,
	5650, 5650, 5650, 5650, 5650, 5650, 5650, 5650, 5650, 5650, 5650, 5650, 5650, 5650, 5650, 5650, 5650, 5650,
	5650, 5650, 5650, 5650, 5650, 5650, 5650, 5650, 5650, 5650, 5650, 5650, 5650, 5650, 5650, 5650, 5650, 5650,
	5650, 5650, 5650, 5650, 5650, 5650, 5650, 5650, 5650, 5650, 5650, 5650, 5650, 5650, 5650, 5650, 5650, 5650,
	5650, 5650, 5650, 5650, 5650, 5650, 5650, 5650, 5650, 5650, 5650, 5650, 5650, 5650, 5650, 5650, 5650, 5650,
	5650, 5650, 5650, 5650, 5650, 5650, 5650, 5650, 5650, 5650, 5650, 5650, 5650, 5650, 5650, 5650, 5650, 5650,
	5650, 5650, 5650, 5650, 5650, 5650, 5650, 5650, 5650, 5650, 5650, 5650, 5650, 5650, 5650, 5650, 5650, 5650,
	5650, 5650, 5650, 5650, 5650, 5650, 5650, 5650, 5650, 5650, 5650, 5650, 5650, 5650, 5650, 5650, 5650, 5650,
	5650, 5650, 5650, 5650, 5650, 5650, 5650, 5650, 5650, 5650, 5650, 5650, 5650, 5650, 5650, 5650, 5650, 5650,
	5650, 5650, 5650, 5650, 5650, 5650, 5650, 5650, 5650, 5650, 5650, 5650, 5650, 5650, 5650, 5650, 5650, 5650,
	5650, 5650, 5650, 5650, 5650, 5650, 5650, 5650, 5650, 5650, 5650, 5650, 5650, 5650, 5650, 5650, 5650, 5650,
	5650, 5650, 5650, 5650, 5650, 5650, 5650, 5650, 5650, 5650, 5650, 5650, 5650, 5650, 5650, 5650, 5650, 5650,
	5650, 5650, 5650, 5650, 5650, 5650, 5650, 5650, 5650, 5650, 5650, 5650, 5650, 5650, 5650, 5650, 5650, 5650,
	5650, 5650, 5650, 5650, 5650, 5650, 5650, 5650, 5650, 5650, 5650, 5650, 5650, 5650, 5650, 5650, 5650, 5650,
	5650, 5650, 5650, 5650, 5650, 5650, 5650, 5650, 5650, 5650, 5650, 5650, 5650, 5650, 5650, 5650, 5650, 5650,
	5650, 5650, 5650, 5650, 5650, 5650, 5650, 5650, 5650, 5650, 5650, 5650, 5650, 5650, 5650, 5650, 5650, 5650,
	5650, 5650, 5650, 5650, 5650, 5650, 5650, 5650, 5650, 5650, 5650, 5650, 5650, 5650, 5650, 5650, 5650, 5650,
	5650, 5650, 5650, 5650, 5650, 5650, 5650, 5650, 5650, 5650, 5650, 5650, 5650, 5650, 5650, 5650, 5650, 5650,
	5650, 5650, 5650, 5650, 5650, 5650, 5650, 5650, 5650, 5650, 5650, 5650, 5650, 5650, 5650, 5650, 5650, 5650,
	5650, 5650, 5650, 5650, 5650, 5650, 5650, 5650, 5650, 5650, 5650, 5650, 5650, 5650, 5650, 5650, 5650, 5650,
	5650, 5650, 5650, 5650, 5650, 5650, 5650, 5650, 5650, 5650, 5650, 5650, 5650, 5650, 5650, 5650, 5650, 5650,
	5650, 5650, 5650, 5650, 5650, 5650, 5650, 5650, 5650, 5650, 5650, 5650, 5650, 5650, 5650, 5650, 5650, 5650,
}
U3_M2_JITTER_Lower = {
	0, 0, 0, 0, 0, 0, 0, 0, 0, 0, 0, 0, 0, 0, 0, 0, 0, 0,
	0, 0, 0, 0, 0, 0, 0, 0, 0, 0, 0, 0, 0, 0, 0, 0, 0, 0,
	0, 0, 0, 0, 0, 0, 0, 0, 0, 0, 0, 0, 0, 0, 0, 0, 0, 0,
	0, 0, 0, 0, 0, 0, 0, 0, 0, 0, 0, 0, 0, 0, 0, 0, 0, 0,
	0, 0, 0, 0, 0, 0, 0, 0, 0, 0, 0, 0, 0, 0, 0, 0, 0, 0,
	0, 0, 0, 0, 0, 0, 0, 0, 0, 0, 0, 0, 0, 0, 0, 0, 0, 0,
	0, 0, 0, 0, 0, 0, 0, 0, 0, 0, 0, 0, 0, 0, 0, 0, 0, 0,
	0, 0, 0, 0, 0, 0, 0, 0, 0, 0, 0, 0, 0, 0, 0, 0, 0, 0,
	0, 0, 0, 0, 0, 0, 0, 0, 0, 0, 0, 0, 0, 0, 0, 0, 0, 0,
	0, 0, 0, 0, 0, 0, 0, 0, 0, 0, 0, 0, 0, 0, 0, 0, 0, 0,
	0, 0, 0, 0, 0, 0, 0, 0, 0, 0, 0, 0, 0, 0, 0, 0, 0, 0,
	0, 0, 0, 0, 0, 0, 0, 0, 0, 0, 0, 0, 0, 0, 0, 0, 0, 0,
	0, 0, 0, 0, 0, 0, 0, 0, 0, 0, 0, 0, 0, 0, 0, 0, 0, 0,
	0, 0, 0, 0, 0, 0, 0, 0, 0, 0, 0, 0, 0, 0, 0, 0, 0, 0,
	0, 0, 0, 0, 0, 0, 0, 0, 0, 0, 0, 0, 0, 0, 0, 0, 0, 0,
	0, 0, 0, 0, 0, 0, 0, 0, 0, 0, 0, 0, 0, 0, 0, 0, 0, 0,
	0, 0, 0, 0, 0, 0, 0, 0, 0, 0, 0, 0, 0, 0, 0, 0, 0, 0,
	0, 0, 0, 0, 0, 0, 0, 0, 0, 0, 0, 0, 0, 0, 0, 0, 0, 0,
	0, 0, 0, 0, 0, 0, 0, 0, 0, 0, 0, 0, 0, 0, 0, 0, 0, 0,
	0, 0, 0, 0, 0, 0, 0, 0, 0, 0, 0, 0, 0, 0, 0, 0, 0, 0,
	0, 0, 0, 0, 0, 0, 0, 0, 0, 0, 0, 0, 0, 0, 0, 0, 0, 0,
	0, 0, 0, 0, 0, 0, 0, 0, 0, 0, 0, 0, 0, 0, 0, 0, 0, 0,
	0, 0, 0, 0, 0, 0, 0, 0, 0, 0, 0, 0, 0, 0, 0, 0, 0, 0,
	0, 0, 0, 0, 0, 0, 0, 0, 0, 0, 0, 0, 0, 0, 0, 0, 0, 0,
	0, 0, 0, 0, 0, 0, 0, 0, 0, 0, 0, 0, 0, 0, 0, 0, 0, 0,
	0, 0, 0, 0, 0, 0, 0, 0, 0, 0, 0, 0, 0, 0, 0, 0, 0, 0,
	0, 0, 0, 0, 0, 0, 0, 0, 0, 0, 0, 0, 0, 0, 0, 0, 0, 0,
	0, 0, 0, 0, 0, 0, 0, 0, 0, 0, 0, 0, 0, 0, 0, 0, 0, 0,
	0, 0, 0, 0, 0, 0, 0, 0, 0, 0, 0, 0, 0, 0, 0, 0, 0, 0,
	0, 0, 0, 0, 0, 0, 0, 0, 0, 0, 0, 0, 0, 0, 0, 0, 0, 0,
	0, 0, 0, 0, 0, 0, 0, 0, 0, 0, 0, 0, 0, 0, 0, 0, 0, 0,
	0, 0, 0, 0, 0, 0, 0, 0, 0, 0, 0, 0, 0, 0, 0, 0, 0, 0,
	0, 0, 0, 0, 0, 0, 0, 0, 0, 0, 0, 0, 0, 0, 0, 0, 0, 0,
	0, 0, 0, 0, 0, 0, 0, 0, 0, 0, 0, 0, 0, 0, 0, 0, 0, 0,
	0, 0, 0, 0, 0, 0, 0, 0, 0, 0, 0, 0, 0, 0, 0, 0, 0, 0,
	0, 0, 0, 0, 0, 0, 0, 0, 0, 0, 0, 0, 0, 0, 0, 0, 0, 0,
}
U3_M2_JITTER_Upper = {
	50, 50, 50, 50, 50, 50, 50, 50, 50, 50, 50, 50, 50, 50, 50, 50, 50, 50,
	50, 50, 50, 50, 50, 50, 50, 50, 50, 50, 50, 50, 50, 50, 50, 50, 50, 50,
	50, 50, 50, 50, 50, 50, 50, 50, 50, 50, 50, 50, 50, 50, 50, 50, 50, 50,
	50, 50, 50, 50, 50, 50, 50, 50, 50, 50, 50, 50, 50, 50, 50, 50, 50, 50,
	50, 50, 50, 50, 50, 50, 50, 50, 50, 50, 50, 50, 50, 50, 50, 50, 50, 50,
	50, 50, 50, 50, 50, 50, 50, 50, 50, 50, 50, 50, 50, 50, 50, 50, 50, 50,
	50, 50, 50, 50, 50, 50, 50, 50, 50, 50, 50, 50, 50, 50, 50, 50, 50, 50,
	50, 50, 50, 50, 50, 50, 50, 50, 50, 50, 50, 50, 50, 50, 50, 50, 50, 50,
	50, 50, 50, 50, 50, 50, 50, 50, 50, 50, 50, 50, 50, 50, 50, 50, 50, 50,
	50, 50, 50, 50, 50, 50, 50, 50, 50, 50, 50, 50, 50, 50, 50, 50, 50, 50,
	50, 50, 50, 50, 50, 50, 50, 50, 50, 50, 50, 50, 50, 50, 50, 50, 50, 50,
	50, 50, 50, 50, 50, 50, 50, 50, 50, 50, 50, 50, 50, 50, 50, 50, 50, 50,
	50, 50, 50, 50, 50, 50, 50, 50, 50, 50, 50, 50, 50, 50, 50, 50, 50, 50,
	50, 50, 50, 50, 50, 50, 50, 50, 50, 50, 50, 50, 50, 50, 50, 50, 50, 50,
	50, 50, 50, 50, 50, 50, 50, 50, 50, 50, 50, 50, 50, 50, 50, 50, 50, 50,
	50, 50, 50, 50, 50, 50, 50, 50, 50, 50, 50, 50, 50, 50, 50, 50, 50, 50,
	50, 50, 50, 50, 50, 50, 50, 50, 50, 50, 50, 50, 50, 50, 50, 50, 50, 50,
	50, 50, 50, 50, 50, 50, 50, 50, 50, 50, 50, 50, 50, 50, 50, 50, 50, 50,
	50, 50, 50, 50, 50, 50, 50, 50, 50, 50, 50, 50, 50, 50, 50, 50, 50, 50,
	50, 50, 50, 50, 50, 50, 50, 50, 50, 50, 50, 50, 50, 50, 50, 50, 50, 50,
	50, 50, 50, 50, 50, 50, 50, 50, 50, 50, 50, 50, 50, 50, 50, 50, 50, 50,
	50, 50, 50, 50, 50, 50, 50, 50, 50, 50, 50, 50, 50, 50, 50, 50, 50, 50,
	50, 50, 50, 50, 50, 50, 50, 50, 50, 50, 50, 50, 50, 50, 50, 50, 50, 50,
	50, 50, 50, 50, 50, 50, 50, 50, 50, 50, 50, 50, 50, 50, 50, 50, 50, 50,
	50, 50, 50, 50, 50, 50, 50, 50, 50, 50, 50, 50, 50, 50, 50, 50, 50, 50,
	50, 50, 50, 50, 50, 50, 50, 50, 50, 50, 50, 50, 50, 50, 50, 50, 50, 50,
	50, 50, 50, 50, 50, 50, 50, 50, 50, 50, 50, 50, 50, 50, 50, 50, 50, 50,
	50, 50, 50, 50, 50, 50, 50, 50, 50, 50, 50, 50, 50, 50, 50, 50, 50, 50,
	50, 50, 50, 50, 50, 50, 50, 50, 50, 50, 50, 50, 50, 50, 50, 50, 50, 50,
	50, 50, 50, 50, 50, 50, 50, 50, 50, 50, 50, 50, 50, 50, 50, 50, 50, 50,
	50, 50, 50, 50, 50, 50, 50, 50, 50, 50, 50, 50, 50, 50, 50, 50, 50, 50,
	50, 50, 50, 50, 50, 50, 50, 50, 50, 50, 50, 50, 50, 50, 50, 50, 50, 50,
	50, 50, 50, 50, 50, 50, 50, 50, 50, 50, 50, 50, 50, 50, 50, 50, 50, 50,
	50, 50, 50, 50, 50, 50, 50, 50, 50, 50, 50, 50, 50, 50, 50, 50, 50, 50,
	50, 50, 50, 50, 50, 50, 50, 50, 50, 50, 50, 50, 50, 50, 50, 50, 50, 50,
	50, 50, 50, 50, 50, 50, 50, 50, 50, 50, 50, 50, 50, 50, 50, 50, 50, 50,
}
U0_M1_Lower = {
	450, 450, 450, 450, 450, 450, 450, 450, 450, 450, 450, 450, 450, 450, 450, 450, 450, 450,
	450, 450, 450, 450, 450, 450, 450, 450, 450, 450, 450, 450, 450, 450, 450, 450, 450, 450,
	450, 450, 450, 450, 450, 450, 450, 450, 450, 450, 450, 450, 450, 450, 450, 450, 450, 450,
	450, 450, 450, 450, 450, 450, 450, 450, 450, 450, 450, 450, 450, 450, 450, 450, 450, 450,
	450, 450, 450, 450, 450, 450, 450, 450, 450, 450, 450, 450, 450, 450, 450, 450, 450, 450,
	450, 450, 450, 450, 450, 450, 450, 450, 450, 450, 450, 450, 450, 450, 450, 450, 450, 450,
	450, 450, 450, 450, 450, 450, 450, 450, 450, 450, 450, 450, 450, 450, 450, 450, 450, 450,
	450, 450, 450, 450, 450, 450, 450, 450, 450, 450, 450, 450, 450, 450, 450, 450, 450, 450,
	450, 450, 450, 450, 450, 450, 450, 450, 450, 450, 450, 450, 450, 450, 450, 450, 450, 450,
	450, 450, 450, 450, 450, 450, 450, 450, 450, 450, 450, 450, 450, 450, 450, 450, 450, 450,
	450, 450, 450, 450, 450, 450, 450, 450, 450, 450, 450, 450, 450, 450, 450, 450, 450, 450,
	450, 450, 450, 450, 450, 450, 450, 450, 450, 450, 450, 450, 450, 450, 450, 450, 450, 450,
	450, 450, 450, 450, 450, 450, 450, 450, 450, 450, 450, 450, 450, 450, 450, 450, 450, 450,
	450, 450, 450, 450, 450, 450, 450, 450, 450, 450, 450, 450, 450, 450, 450, 450, 450, 450,
	450, 450, 450, 450, 450, 450, 450, 450, 450, 450, 450, 450, 450, 450, 450, 450, 450, 450,
	450, 450, 450, 450, 450, 450, 450, 450, 450, 450, 450, 450, 450, 450, 450, 450, 450, 450,
	450, 450, 450, 450, 450, 450, 450, 450, 450, 450, 450, 450, 450, 450, 450, 450, 450, 450,
	450, 450, 450, 450, 450, 450, 450, 450, 450, 450, 450, 450, 450, 450, 450, 450, 450, 450,
	450, 450, 450, 450, 450, 450, 450, 450, 450, 450, 450, 450, 450, 450, 450, 450, 450, 450,
	450, 450, 450, 450, 450, 450, 450, 450, 450, 450, 450, 450, 450, 450, 450, 450, 450, 450,
	450, 450, 450, 450, 450, 450, 450, 450, 450, 450, 450, 450, 450, 450, 450, 450, 450, 450,
	450, 450, 450, 450, 450, 450, 450, 450, 450, 450, 450, 450, 450, 450, 450, 450, 450, 450,
	450, 450, 450, 450, 450, 450, 450, 450, 450, 450, 450, 450, 450, 450, 450, 450, 450, 450,
	450, 450, 450, 450, 450, 450, 450, 450, 450, 450, 450, 450, 450, 450, 450, 450, 450, 450,
	450, 450, 450, 450, 450, 450, 450, 450, 450, 450, 450, 450, 450, 450, 450, 450, 450, 450,
	450, 450, 450, 450, 450, 450, 450, 450, 450, 450, 450, 450, 450, 450, 450, 450, 450, 450,
	450, 450, 450, 450, 450, 450, 450, 450, 450, 450, 450, 450, 450, 450, 450, 450, 450, 450,
	450, 450, 450, 450, 450, 450, 450, 450, 450, 450, 450, 450, 450, 450, 450, 450, 450, 450,
	450, 450, 450, 450, 450, 450, 450, 450, 450, 450, 450, 450, 450, 450, 450, 450, 450, 450,
	450, 450, 450, 450, 450, 450, 450, 450, 450, 450, 450, 450, 450, 450, 450, 450, 450, 450,
	450, 450, 450, 450, 450, 450, 450, 450, 450, 450, 450, 450, 450, 450, 450, 450, 450, 450,
	450, 450, 450, 450, 450, 450, 450, 450, 450, 450, 450, 450, 450, 450, 450, 450, 450, 450,
	450, 450, 450, 450, 450, 450, 450, 450, 450, 450, 450, 450, 450, 450, 450, 450, 450, 450,
	450, 450, 450, 450, 450, 450, 450, 450, 450, 450, 450, 450, 450, 450, 450, 450, 450, 450,
	450, 450, 450, 450, 450, 450, 450, 450, 450, 450, 450, 450, 450, 450, 450, 450, 450, 450,
	450, 450, 450, 450, 450, 450, 450, 450, 450, 450, 450, 450, 450, 450, 450, 450, 450, 450,
}
U0_M1_Upper = {
	1550, 1550, 1550, 1550, 1550, 1550, 1550, 1550, 1550, 1550, 1550, 1550, 1550, 1550, 1550, 1550, 1550, 1550,
	1550, 1550, 1550, 1550, 1550, 1550, 1550, 1550, 1550, 1550, 1550, 1550, 1550, 1550, 1550, 1550, 1550, 1550,
	1550, 1550, 1550, 1550, 1550, 1550, 1550, 1550, 1550, 1550, 1550, 1550, 1550, 1550, 1550, 1550, 1550, 1550,
	1550, 1550, 1550, 1550, 1550, 1550, 1550, 1550, 1550, 1550, 1550, 1550, 1550, 1550, 1550, 1550, 1550, 1550,
	1550, 1550, 1550, 1550, 1550, 1550, 1550, 1550, 1550, 1550, 1550, 1550, 1550, 1550, 1550, 1550, 1550, 1550,
	1550, 1550, 1550, 1550, 1550, 1550, 1550, 1550, 1550, 1550, 1550, 1550, 1550, 1550, 1550, 1550, 1550, 1550,
	1550, 1550, 1550, 1550, 1550, 1550, 1550, 1550, 1550, 1550, 1550, 1550, 1550, 1550, 1550, 1550, 1550, 1550,
	1550, 1550, 1550, 1550, 1550, 1550, 1550, 1550, 1550, 1550, 1550, 1550, 1550, 1550, 1550, 1550, 1550, 1550,
	1550, 1550, 1550, 1550, 1550, 1550, 1550, 1550, 1550, 1550, 1550, 1550, 1550, 1550, 1550, 1550, 1550, 1550,
	1550, 1550, 1550, 1550, 1550, 1550, 1550, 1550, 1550, 1550, 1550, 1550, 1550, 1550, 1550, 1550, 1550, 1550,
	1550, 1550, 1550, 1550, 1550, 1550, 1550, 1550, 1550, 1550, 1550, 1550, 1550, 1550, 1550, 1550, 1550, 1550,
	1550, 1550, 1550, 1550, 1550, 1550, 1550, 1550, 1550, 1550, 1550, 1550, 1550, 1550, 1550, 1550, 1550, 1550,
	1550, 1550, 1550, 1550, 1550, 1550, 1550, 1550, 1550, 1550, 1550, 1550, 1550, 1550, 1550, 1550, 1550, 1550,
	1550, 1550, 1550, 1550, 1550, 1550, 1550, 1550, 1550, 1550, 1550, 1550, 1550, 1550, 1550, 1550, 1550, 1550,
	1550, 1550, 1550, 1550, 1550, 1550, 1550, 1550, 1550, 1550, 1550, 1550, 1550, 1550, 1550, 1550, 1550, 1550,
	1550, 1550, 1550, 1550, 1550, 1550, 1550, 1550, 1550, 1550, 1550, 1550, 1550, 1550, 1550, 1550, 1550, 1550,
	1550, 1550, 1550, 1550, 1550, 1550, 1550, 1550, 1550, 1550, 1550, 1550, 1550, 1550, 1550, 1550, 1550, 1550,
	1550, 1550, 1550, 1550, 1550, 1550, 1550, 1550, 1550, 1550, 1550, 1550, 1550, 1550, 1550, 1550, 1550, 1550,
	1550, 1550, 1550, 1550, 1550, 1550, 1550, 1550, 1550, 1550, 1550, 1550, 1550, 1550, 1550, 1550, 1550, 1550,
	1550, 1550, 1550, 1550, 1550, 1550, 1550, 1550, 1550, 1550, 1550, 1550, 1550, 1550, 1550, 1550, 1550, 1550,
	1550, 1550, 1550, 1550, 1550, 1550, 1550, 1550, 1550, 1550, 1550, 1550, 1550, 1550, 1550, 1550, 1550, 1550,
	1550, 1550, 1550, 1550, 1550, 1550, 1550, 1550, 1550, 1550, 1550, 1550, 1550, 1550, 1550, 1550, 1550, 1550,
	1550, 1550, 1550, 1550, 1550, 1550, 1550, 1550, 1550, 1550, 1550, 1550, 1550, 1550, 1550, 1550, 1550, 1550,
	1550, 1550, 1550, 1550, 1550, 1550, 1550, 1550, 1550, 1550, 1550, 1550, 1550, 1550, 1550, 1550, 1550, 1550,
	1550, 1550, 1550, 1550, 1550, 1550, 1550, 1550, 1550, 1550, 1550, 1550, 1550, 1550, 1550, 1550, 1550, 1550,
	1550, 1550, 1550, 1550, 1550, 1550, 1550, 1550, 1550, 1550, 1550, 1550, 1550, 1550, 1550, 1550, 1550, 1550,
	1550, 1550, 1550, 1550, 1550, 1550, 1550, 1550, 1550, 1550, 1550, 1550, 1550, 1550, 1550, 1550, 1550, 1550,
	1550, 1550, 1550, 1550, 1550, 1550, 1550, 1550, 1550, 1550, 1550, 1550, 1550, 1550, 1550, 1550, 1550, 1550,
	1550, 1550, 1550, 1550, 1550, 1550, 1550, 1550, 1550, 1550, 1550, 1550, 1550, 1550, 1550, 1550, 1550, 1550,
	1550, 1550, 1550, 1550, 1550, 1550, 1550, 1550, 1550, 1550, 1550, 1550, 1550, 1550, 1550, 1550, 1550, 1550,
	1550, 1550, 1550, 1550, 1550, 1550, 1550, 1550, 1550, 1550, 1550, 1550, 1550, 1550, 1550, 1550, 1550, 1550,
	1550, 1550, 1550, 1550, 1550, 1550, 1550, 1550, 1550, 1550, 1550, 1550, 1550, 1550, 1550, 1550, 1550, 1550,
	1550, 1550, 1550, 1550, 1550, 1550, 1550, 1550, 1550, 1550, 1550, 1550, 1550, 1550, 1550, 1550, 1550, 1550,
	1550, 1550, 1550, 1550, 1550, 1550, 1550, 1550, 1550, 1550, 1550, 1550, 1550, 1550, 1550, 1550, 1550, 1550,
	1550, 1550, 1550, 1550, 1550, 1550, 1550, 1550, 1550, 1550, 1550, 1550, 1550, 1550, 1550, 1550, 1550, 1550,
	1550, 1550, 1550, 1550, 1550, 1550, 1550, 1550, 1550, 1550, 1550, 1550, 1550, 1550, 1550, 1550, 1550, 1550,
}
U0_M1_JITTER_Lower = {
	0, 0, 0, 0, 0, 0, 0, 0, 0, 0, 0, 0, 0, 0, 0, 0, 0, 0,
	0, 0, 0, 0, 0, 0, 0, 0, 0, 0, 0, 0, 0, 0, 0, 0, 0, 0,
	0, 0, 0, 0, 0, 0, 0, 0, 0, 0, 0, 0, 0, 0, 0, 0, 0, 0,
	0, 0, 0, 0, 0, 0, 0, 0, 0, 0, 0, 0, 0, 0, 0, 0, 0, 0,
	0, 0, 0, 0, 0, 0, 0, 0, 0, 0, 0, 0, 0, 0, 0, 0, 0, 0,
	0, 0, 0, 0, 0, 0, 0, 0, 0, 0, 0, 0, 0, 0, 0, 0, 0, 0,
	0, 0, 0, 0, 0, 0, 0, 0, 0, 0, 0, 0, 0, 0, 0, 0, 0, 0,
	0, 0, 0, 0, 0, 0, 0, 0, 0, 0, 0, 0, 0, 0, 0, 0, 0, 0,
	0, 0, 0, 0, 0, 0, 0, 0, 0, 0, 0, 0, 0, 0, 0, 0, 0, 0,
	0, 0, 0, 0, 0, 0, 0, 0, 0, 0, 0, 0, 0, 0, 0, 0, 0, 0,
	0, 0, 0, 0, 0, 0, 0, 0, 0, 0, 0, 0, 0, 0, 0, 0, 0, 0,
	0, 0, 0, 0, 0, 0, 0, 0, 0, 0, 0, 0, 0, 0, 0, 0, 0, 0,
	0, 0, 0, 0, 0, 0, 0, 0, 0, 0, 0, 0, 0, 0, 0, 0, 0, 0,
	0, 0, 0, 0, 0, 0, 0, 0, 0, 0, 0, 0, 0, 0, 0, 0, 0, 0,
	0, 0, 0, 0, 0, 0, 0, 0, 0, 0, 0, 0, 0, 0, 0, 0, 0, 0,
	0, 0, 0, 0, 0, 0, 0, 0, 0, 0, 0, 0, 0, 0, 0, 0, 0, 0,
	0, 0, 0, 0, 0, 0, 0, 0, 0, 0, 0, 0, 0, 0, 0, 0, 0, 0,
	0, 0, 0, 0, 0, 0, 0, 0, 0, 0, 0, 0, 0, 0, 0, 0, 0, 0,
	0, 0, 0, 0, 0, 0, 0, 0, 0, 0, 0, 0, 0, 0, 0, 0, 0, 0,
	0, 0, 0, 0, 0, 0, 0, 0, 0, 0, 0, 0, 0, 0, 0, 0, 0, 0,
	0, 0, 0, 0, 0, 0, 0, 0, 0, 0, 0, 0, 0, 0, 0, 0, 0, 0,
	0, 0, 0, 0, 0, 0, 0, 0, 0, 0, 0, 0, 0, 0, 0, 0, 0, 0,
	0, 0, 0, 0, 0, 0, 0, 0, 0, 0, 0, 0, 0, 0, 0, 0, 0, 0,
	0, 0, 0, 0, 0, 0, 0, 0, 0, 0, 0, 0, 0, 0, 0, 0, 0, 0,
	0, 0, 0, 0, 0, 0, 0, 0, 0, 0, 0, 0, 0, 0, 0, 0, 0, 0,
	0, 0, 0, 0, 0, 0, 0, 0, 0, 0, 0, 0, 0, 0, 0, 0, 0, 0,
	0, 0, 0, 0, 0, 0, 0, 0, 0, 0, 0, 0, 0, 0, 0, 0, 0, 0,
	0, 0, 0, 0, 0, 0, 0, 0, 0, 0, 0, 0, 0, 0, 0, 0, 0, 0,
	0, 0, 0, 0, 0, 0, 0, 0, 0, 0, 0, 0, 0, 0, 0, 0, 0, 0,
	0, 0, 0, 0, 0, 0, 0, 0, 0, 0, 0, 0, 0, 0, 0, 0, 0, 0,
	0, 0, 0, 0, 0, 0, 0, 0, 0, 0, 0, 0, 0, 0, 0, 0, 0, 0,
	0, 0, 0, 0, 0, 0, 0, 0, 0, 0, 0, 0, 0, 0, 0, 0, 0, 0,
	0, 0, 0, 0, 0, 0, 0, 0, 0, 0, 0, 0, 0, 0, 0, 0, 0, 0,
	0, 0, 0, 0, 0, 0, 0, 0, 0, 0, 0, 0, 0, 0, 0, 0, 0, 0,
	0, 0, 0, 0, 0, 0, 0, 0, 0, 0, 0, 0, 0, 0, 0, 0, 0, 0,
	0, 0, 0, 0, 0, 0, 0, 0, 0, 0, 0, 0, 0, 0, 0, 0, 0, 0,
}
U0_M1_JITTER_Upper = {
	65, 65, 65, 65, 65, 65, 65, 65, 65, 65, 65, 65, 65, 65, 65, 65, 65, 65,
	65, 65, 65, 65, 65, 65, 65, 65, 65, 65, 65, 65, 65, 65, 65, 65, 65, 65,
	65, 65, 65, 65, 65, 65, 65, 65, 65, 65, 65, 65, 65, 65, 65, 65, 65, 65,
	65, 65, 65, 65, 65, 65, 65, 65, 65, 65, 65, 65, 65, 65, 65, 65, 65, 65,
	65, 65, 65, 65, 65, 65, 65, 65, 65, 65, 65, 65, 65, 65, 65, 65, 65, 65,
	65, 65, 65, 65, 65, 65, 65, 65, 65, 65, 65, 65, 65, 65, 65, 65, 65, 65,
	65, 65, 65, 65, 65, 65, 65, 65, 65, 65, 65, 65, 65, 65, 65, 65, 65, 65,
	65, 65, 65, 65, 65, 65, 65, 65, 65, 65, 65, 65, 65, 65, 65, 65, 65, 65,
	65, 65, 65, 65, 65, 65, 65, 65, 65, 65, 65, 65, 65, 65, 65, 65, 65, 65,
	65, 65, 65, 65, 65, 65, 65, 65, 65, 65, 65, 65, 65, 65, 65, 65, 65, 65,
	65, 65, 65, 65, 65, 65, 65, 65, 65, 65, 65, 65, 65, 65, 65, 65, 65, 65,
	65, 65, 65, 65, 65, 65, 65, 65, 65, 65, 65, 65, 65, 65, 65, 65, 65, 65,
	65, 65, 65, 65, 65, 65, 65, 65, 65, 65, 65, 65, 65, 65, 65, 65, 65, 65,
	65, 65, 65, 65, 65, 65, 65, 65, 65, 65, 65, 65, 65, 65, 65, 65, 65, 65,
	65, 65, 65, 65, 65, 65, 65, 65, 65, 65, 65, 65, 65, 65, 65, 65, 65, 65,
	65, 65, 65, 65, 65, 65, 65, 65, 65, 65, 65, 65, 65, 65, 65, 65, 65, 65,
	65, 65, 65, 65, 65, 65, 65, 65, 65, 65, 65, 65, 65, 65, 65, 65, 65, 65,
	65, 65, 65, 65, 65, 65, 65, 65, 65, 65, 65, 65, 65, 65, 65, 65, 65, 65,
	65, 65, 65, 65, 65, 65, 65, 65, 65, 65, 65, 65, 65, 65, 65, 65, 65, 65,
	65, 65, 65, 65, 65, 65, 65, 65, 65, 65, 65, 65, 65, 65, 65, 65, 65, 65,
	65, 65, 65, 65, 65, 65, 65, 65, 65, 65, 65, 65, 65, 65, 65, 65, 65, 65,
	65, 65, 65, 65, 65, 65, 65, 65, 65, 65, 65, 65, 65, 65, 65, 65, 65, 65,
	65, 65, 65, 65, 65, 65, 65, 65, 65, 65, 65, 65, 65, 65, 65, 65, 65, 65,
	65, 65, 65, 65, 65, 65, 65, 65, 65, 65, 65, 65, 65, 65, 65, 65, 65, 65,
	65, 65, 65, 65, 65, 65, 65, 65, 65, 65, 65, 65, 65, 65, 65, 65, 65, 65,
	65, 65, 65, 65, 65, 65, 65, 65, 65, 65, 65, 65, 65, 65, 65, 65, 65, 65,
	65, 65, 65, 65, 65, 65, 65, 65, 65, 65, 65, 65, 65, 65, 65, 65, 65, 65,
	65, 65, 65, 65, 65, 65, 65, 65, 65, 65, 65, 65, 65, 65, 65, 65, 65, 65,
	65, 65, 65, 65, 65, 65, 65, 65, 65, 65, 65, 65, 65, 65, 65, 65, 65, 65,
	65, 65, 65, 65, 65, 65, 65, 65, 65, 65, 65, 65, 65, 65, 65, 65, 65, 65,
	65, 65, 65, 65, 65, 65, 65, 65, 65, 65, 65, 65, 65, 65, 65, 65, 65, 65,
	65, 65, 65, 65, 65, 65, 65, 65, 65, 65, 65, 65, 65, 65, 65, 65, 65, 65,
	65, 65, 65, 65, 65, 65, 65, 65, 65, 65, 65, 65, 65, 65, 65, 65, 65, 65,
	65, 65, 65, 65, 65, 65, 65, 65, 65, 65, 65, 65, 65, 65, 65, 65, 65, 65,
	65, 65, 65, 65, 65, 65, 65, 65, 65, 65, 65, 65, 65, 65, 65, 65, 65, 65,
	65, 65, 65, 65, 65, 65, 65, 65, 65, 65, 65, 65, 65, 65, 65, 65, 65, 65,
}
U0_M2_Lower = {
	3950, 3950, 3950, 3950, 3950, 3950, 3950, 3950, 3950, 3950, 3950, 3950, 3950, 3950, 3950, 3950, 3950, 3950,
	3950, 3950, 3950, 3950, 3950, 3950, 3950, 3950, 3950, 3950, 3950, 3950, 3950, 3950, 3950, 3950, 3950, 3950,
	3950, 3950, 3950, 3950, 3950, 3950, 3950, 3950, 3950, 3950, 3950, 3950, 3950, 3950, 3950, 3950, 3950, 3950,
	3950, 3950, 3950, 3950, 3950, 3950, 3950, 3950, 3950, 3950, 3950, 3950, 3950, 3950, 3950, 3950, 3950, 3950,
	3950, 3950, 3950, 3950, 3950, 3950, 3950, 3950, 3950, 3950, 3950, 3950, 3950, 3950, 3950, 3950, 3950, 3950,
	3950, 3950, 3950, 3950, 3950, 3950, 3950, 3950, 3950, 3950, 3950, 3950, 3950, 3950, 3950, 3950, 3950, 3950,
	3950, 3950, 3950, 3950, 3950, 3950, 3950, 3950, 3950, 3950, 3950, 3950, 3950, 3950, 3950, 3950, 3950, 3950,
	3950, 3950, 3950, 3950, 3950, 3950, 3950, 3950, 3950, 3950, 3950, 3950, 3950, 3950, 3950, 3950, 3950, 3950,
	3950, 3950, 3950, 3950, 3950, 3950, 3950, 3950, 3950, 3950, 3950, 3950, 3950, 3950, 3950, 3950, 3950, 3950,
	3950, 3950, 3950, 3950, 3950, 3950, 3950, 3950, 3950, 3950, 3950, 3950, 3950, 3950, 3950, 3950, 3950, 3950,
	3950, 3950, 3950, 3950, 3950, 3950, 3950, 3950, 3950, 3950, 3950, 3950, 3950, 3950, 3950, 3950, 3950, 3950,
	3950, 3950, 3950, 3950, 3950, 3950, 3950, 3950, 3950, 3950, 3950, 3950, 3950, 3950, 3950, 3950, 3950, 3950,
	3950, 3950, 3950, 3950, 3950, 3950, 3950, 3950, 3950, 3950, 3950, 3950, 3950, 3950, 3950, 3950, 3950, 3950,
	3950, 3950, 3950, 3950, 3950, 3950, 3950, 3950, 3950, 3950, 3950, 3950, 3950, 3950, 3950, 3950, 3950, 3950,
	3950, 3950, 3950, 3950, 3950, 3950, 3950, 3950, 3950, 3950, 3950, 3950, 3950, 3950, 3950, 3950, 3950, 3950,
	3950, 3950, 3950, 3950, 3950, 3950, 3950, 3950, 3950, 3950, 3950, 3950, 3950, 3950, 3950, 3950, 3950, 3950,
	3950, 3950, 3950, 3950, 3950, 3950, 3950, 3950, 3950, 3950, 3950, 3950, 3950, 3950, 3950, 3950, 3950, 3950,
	3950, 3950, 3950, 3950, 3950, 3950, 3950, 3950, 3950, 3950, 3950, 3950, 3950, 3950, 3950, 3950, 3950, 3950,
	3950, 3950, 3950, 3950, 3950, 3950, 3950, 3950, 3950, 3950, 3950, 3950, 3950, 3950, 3950, 3950, 3950, 3950,
	3950, 3950, 3950, 3950, 3950, 3950, 3950, 3950, 3950, 3950, 3950, 3950, 3950, 3950, 3950, 3950, 3950, 3950,
	3950, 3950, 3950, 3950, 3950, 3950, 3950, 3950, 3950, 3950, 3950, 3950, 3950, 3950, 3950, 3950, 3950, 3950,
	3950, 3950, 3950, 3950, 3950, 3950, 3950, 3950, 3950, 3950, 3950, 3950, 3950, 3950, 3950, 3950, 3950, 3950,
	3950, 3950, 3950, 3950, 3950, 3950, 3950, 3950, 3950, 3950, 3950, 3950, 3950, 3950, 3950, 3950, 3950, 3950,
	3950, 3950, 3950, 3950, 3950, 3950, 3950, 3950, 3950, 3950, 3950, 3950, 3950, 3950, 3950, 3950, 3950, 3950,
	3950, 3950, 3950, 3950, 3950, 3950, 3950, 3950, 3950, 3950, 3950, 3950, 3950, 3950, 3950, 3950, 3950, 3950,
	3950, 3950, 3950, 3950, 3950, 3950, 3950, 3950, 3950, 3950, 3950, 3950, 3950, 3950, 3950, 3950, 3950, 3950,
	3950, 3950, 3950, 3950, 3950, 3950, 3950, 3950, 3950, 3950, 3950, 3950, 3950, 3950, 3950, 3950, 3950, 3950,
	3950, 3950, 3950, 3950, 3950, 3950, 3950, 3950, 3950, 3950, 3950, 3950, 3950, 3950, 3950, 3950, 3950, 3950,
	3950, 3950, 3950, 3950, 3950, 3950, 3950, 3950, 3950, 3950, 3950, 3950, 3950, 3950, 3950, 3950, 3950, 3950,
	3950, 3950, 3950, 3950, 3950, 3950, 3950, 3950, 3950, 3950, 3950, 3950, 3950, 3950, 3950, 3950, 3950, 3950,
	3950, 3950, 3950, 3950, 3950, 3950, 3950, 3950, 3950, 3950, 3950, 3950, 3950, 3950, 3950, 3950, 3950, 3950,
	3950, 3950, 3950, 3950, 3950, 3950, 3950, 3950, 3950, 3950, 3950, 3950, 3950, 3950, 3950, 3950, 3950, 3950,
	3950, 3950, 3950, 3950, 3950, 3950, 3950, 3950, 3950, 3950, 3950, 3950, 3950, 3950, 3950, 3950, 3950, 3950,
	3950, 3950, 3950, 3950, 3950, 3950, 3950, 3950, 3950, 3950, 3950, 3950, 3950, 3950, 3950, 3950, 3950, 3950,
	3950, 3950, 3950, 3950, 3950, 3950, 3950, 3950, 3950, 3950, 3950, 3950, 3950, 3950, 3950, 3950, 3950, 3950,
	3950, 3950, 3950, 3950, 3950, 3950, 3950, 3950, 3950, 3950, 3950, 3950, 3950, 3950, 3950, 3950, 3950, 3950,
}
U0_M2_Upper = {
	5750, 5750, 5750, 5750, 5750, 5750, 5750, 5750, 5750, 5750, 5750, 5750, 5750, 5750, 5750, 5750, 5750, 5750,
	5750, 5750, 5750, 5750, 5750, 5750, 5750, 5750, 5750, 5750, 5750, 5750, 5750, 5750, 5750, 5750, 5750, 5750,
	5750, 5750, 5750, 5750, 5750, 5750, 5750, 5750, 5750, 5750, 5750, 5750, 5750, 5750, 5750, 5750, 5750, 5750,
	5750, 5750, 5750, 5750, 5750, 5750, 5750, 5750, 5750, 5750, 5750, 5750, 5750, 5750, 5750, 5750, 5750, 5750,
	5750, 5750, 5750, 5750, 5750, 5750, 5750, 5750, 5750, 5750, 5750, 5750, 5750, 5750, 5750, 5750, 5750, 5750,
	5750, 5750, 5750, 5750, 5750, 5750, 5750, 5750, 5750, 5750, 5750, 5750, 5750, 5750, 5750, 5750, 5750, 5750,
	5750, 5750, 5750, 5750, 5750, 5750, 5750, 5750, 5750, 5750, 5750, 5750, 5750, 5750, 5750, 5750, 5750, 5750,
	5750, 5750, 5750, 5750, 5750, 5750, 5750, 5750, 5750, 5750, 5750, 5750, 5750, 5750, 5750, 5750, 5750, 5750,
	5750, 5750, 5750, 5750, 5750, 5750, 5750, 5750, 5750, 5750, 5750, 5750, 5750, 5750, 5750, 5750, 5750, 5750,
	5750, 5750, 5750, 5750, 5750, 5750, 5750, 5750, 5750, 5750, 5750, 5750, 5750, 5750, 5750, 5750, 5750, 5750,
	5750, 5750, 5750, 5750, 5750, 5750, 5750, 5750, 5750, 5750, 5750, 5750, 5750, 5750, 5750, 5750, 5750, 5750,
	5750, 5750, 5750, 5750, 5750, 5750, 5750, 5750, 5750, 5750, 5750, 5750, 5750, 5750, 5750, 5750, 5750, 5750,
	5750, 5750, 5750, 5750, 5750, 5750, 5750, 5750, 5750, 5750, 5750, 5750, 5750, 5750, 5750, 5750, 5750, 5750,
	5750, 5750, 5750, 5750, 5750, 5750, 5750, 5750, 5750, 5750, 5750, 5750, 5750, 5750, 5750, 5750, 5750, 5750,
	5750, 5750, 5750, 5750, 5750, 5750, 5750, 5750, 5750, 5750, 5750, 5750, 5750, 5750, 5750, 5750, 5750, 5750,
	5750, 5750, 5750, 5750, 5750, 5750, 5750, 5750, 5750, 5750, 5750, 5750, 5750, 5750, 5750, 5750, 5750, 5750,
	5750, 5750, 5750, 5750, 5750, 5750, 5750, 5750, 5750, 5750, 5750, 5750, 5750, 5750, 5750, 5750, 5750, 5750,
	5750, 5750, 5750, 5750, 5750, 5750, 5750, 5750, 5750, 5750, 5750, 5750, 5750, 5750, 5750, 5750, 5750, 5750,
	5750, 5750, 5750, 5750, 5750, 5750, 5750, 5750, 5750, 5750, 5750, 5750, 5750, 5750, 5750, 5750, 5750, 5750,
	5750, 5750, 5750, 5750, 5750, 5750, 5750, 5750, 5750, 5750, 5750, 5750, 5750, 5750, 5750, 5750, 5750, 5750,
	5750, 5750, 5750, 5750, 5750, 5750, 5750, 5750, 5750, 5750, 5750, 5750, 5750, 5750, 5750, 5750, 5750, 5750,
	5750, 5750, 5750, 5750, 5750, 5750, 5750, 5750, 5750, 5750, 5750, 5750, 5750, 5750, 5750, 5750, 5750, 5750,
	5750, 5750, 5750, 5750, 5750, 5750, 5750, 5750, 5750, 5750, 5750, 5750, 5750, 5750, 5750, 5750, 5750, 5750,
	5750, 5750, 5750, 5750, 5750, 5750, 5750, 5750, 5750, 5750, 5750, 5750, 5750, 5750, 5750, 5750, 5750, 5750,
	5750, 5750, 5750, 5750, 5750, 5750, 5750, 5750, 5750, 5750, 5750, 5750, 5750, 5750, 5750, 5750, 5750, 5750,
	5750, 5750, 5750, 5750, 5750, 5750, 5750, 5750, 5750, 5750, 5750, 5750, 5750, 5750, 5750, 5750, 5750, 5750,
	5750, 5750, 5750, 5750, 5750, 5750, 5750, 5750, 5750, 5750, 5750, 5750, 5750, 5750, 5750, 5750, 5750, 5750,
	5750, 5750, 5750, 5750, 5750, 5750, 5750, 5750, 5750, 5750, 5750, 5750, 5750, 5750, 5750, 5750, 5750, 5750,
	5750, 5750, 5750, 5750, 5750, 5750, 5750, 5750, 5750, 5750, 5750, 5750, 5750, 5750, 5750, 5750, 5750, 5750,
	5750, 5750, 5750, 5750, 5750, 5750, 5750, 5750, 5750, 5750, 5750, 5750, 5750, 5750, 5750, 5750, 5750, 5750,
	5750, 5750, 5750, 5750, 5750, 5750, 5750, 5750, 5750, 5750, 5750, 5750, 5750, 5750, 5750, 5750, 5750, 5750,
	5750, 5750, 5750, 5750, 5750, 5750, 5750, 5750, 5750, 5750, 5750, 5750, 5750, 5750, 5750, 5750, 5750, 5750,
	5750, 5750, 5750, 5750, 5750, 5750, 5750, 5750, 5750, 5750, 5750, 5750, 5750, 5750, 5750, 5750, 5750, 5750,
	5750, 5750, 5750, 5750, 5750, 5750, 5750, 5750, 5750, 5750, 5750, 5750, 5750, 5750, 5750, 5750, 5750, 5750,
	5750, 5750, 5750, 5750, 5750, 5750, 5750, 5750, 5750, 5750, 5750, 5750, 5750, 5750, 5750, 5750, 5750, 5750,
	5750, 5750, 5750, 5750, 5750, 5750, 5750, 5750, 5750, 5750, 5750, 5750, 5750, 5750, 5750, 5750, 5750, 5750,
}
U0_M2_JITTER_Lower = {
	0, 0, 0, 0, 0, 0, 0, 0, 0, 0, 0, 0, 0, 0, 0, 0, 0, 0,
	0, 0, 0, 0, 0, 0, 0, 0, 0, 0, 0, 0, 0, 0, 0, 0, 0, 0,
	0, 0, 0, 0, 0, 0, 0, 0, 0, 0, 0, 0, 0, 0, 0, 0, 0, 0,
	0, 0, 0, 0, 0, 0, 0, 0, 0, 0, 0, 0, 0, 0, 0, 0, 0, 0,
	0, 0, 0, 0, 0, 0, 0, 0, 0, 0, 0, 0, 0, 0, 0, 0, 0, 0,
	0, 0, 0, 0, 0, 0, 0, 0, 0, 0, 0, 0, 0, 0, 0, 0, 0, 0,
	0, 0, 0, 0, 0, 0, 0, 0, 0, 0, 0, 0, 0, 0, 0, 0, 0, 0,
	0, 0, 0, 0, 0, 0, 0, 0, 0, 0, 0, 0, 0, 0, 0, 0, 0, 0,
	0, 0, 0, 0, 0, 0, 0, 0, 0, 0, 0, 0, 0, 0, 0, 0, 0, 0,
	0, 0, 0, 0, 0, 0, 0, 0, 0, 0, 0, 0, 0, 0, 0, 0, 0, 0,
	0, 0, 0, 0, 0, 0, 0, 0, 0, 0, 0, 0, 0, 0, 0, 0, 0, 0,
	0, 0, 0, 0, 0, 0, 0, 0, 0, 0, 0, 0, 0, 0, 0, 0, 0, 0,
	0, 0, 0, 0, 0, 0, 0, 0, 0, 0, 0, 0, 0, 0, 0, 0, 0, 0,
	0, 0, 0, 0, 0, 0, 0, 0, 0, 0, 0, 0, 0, 0, 0, 0, 0, 0,
	0, 0, 0, 0, 0, 0, 0, 0, 0, 0, 0, 0, 0, 0, 0, 0, 0, 0,
	0, 0, 0, 0, 0, 0, 0, 0, 0, 0, 0, 0, 0, 0, 0, 0, 0, 0,
	0, 0, 0, 0, 0, 0, 0, 0, 0, 0, 0, 0, 0, 0, 0, 0, 0, 0,
	0, 0, 0, 0, 0, 0, 0, 0, 0, 0, 0, 0, 0, 0, 0, 0, 0, 0,
	0, 0, 0, 0, 0, 0, 0, 0, 0, 0, 0, 0, 0, 0, 0, 0, 0, 0,
	0, 0, 0, 0, 0, 0, 0, 0, 0, 0, 0, 0, 0, 0, 0, 0, 0, 0,
	0, 0, 0, 0, 0, 0, 0, 0, 0, 0, 0, 0, 0, 0, 0, 0, 0, 0,
	0, 0, 0, 0, 0, 0, 0, 0, 0, 0, 0, 0, 0, 0, 0, 0, 0, 0,
	0, 0, 0, 0, 0, 0, 0, 0, 0, 0, 0, 0, 0, 0, 0, 0, 0, 0,
	0, 0, 0, 0, 0, 0, 0, 0, 0, 0, 0, 0, 0, 0, 0, 0, 0, 0,
	0, 0, 0, 0, 0, 0, 0, 0, 0, 0, 0, 0, 0, 0, 0, 0, 0, 0,
	0, 0, 0, 0, 0, 0, 0, 0, 0, 0, 0, 0, 0, 0, 0, 0, 0, 0,
	0, 0, 0, 0, 0, 0, 0, 0, 0, 0, 0, 0, 0, 0, 0, 0, 0, 0,
	0, 0, 0, 0, 0, 0, 0, 0, 0, 0, 0, 0, 0, 0, 0, 0, 0, 0,
	0, 0, 0, 0, 0, 0, 0, 0, 0, 0, 0, 0, 0, 0, 0, 0, 0, 0,
	0, 0, 0, 0, 0, 0, 0, 0, 0, 0, 0, 0, 0, 0, 0, 0, 0, 0,
	0, 0, 0, 0, 0, 0, 0, 0, 0, 0, 0, 0, 0, 0, 0, 0, 0, 0,
	0, 0, 0, 0, 0, 0, 0, 0, 0, 0, 0, 0, 0, 0, 0, 0, 0, 0,
	0, 0, 0, 0, 0, 0, 0, 0, 0, 0, 0, 0, 0, 0, 0, 0, 0, 0,
	0, 0, 0, 0, 0, 0, 0, 0, 0, 0, 0, 0, 0, 0, 0, 0, 0, 0,
	0, 0, 0, 0, 0, 0, 0, 0, 0, 0, 0, 0, 0, 0, 0, 0, 0, 0,
	0, 0, 0, 0, 0, 0, 0, 0, 0, 0, 0, 0, 0, 0, 0, 0, 0, 0,
}
U0_M2_JITTER_Upper = {
	50, 50, 50, 50, 50, 50, 50, 50, 50, 50, 50, 50, 50, 50, 50, 50, 50, 50,
	50, 50, 50, 50, 50, 50, 50, 50, 50, 50, 50, 50, 50, 50, 50, 50, 50, 50,
	50, 50, 50, 50, 50, 50, 50, 50, 50, 50, 50, 50, 50, 50, 50, 50, 50, 50,
	50, 50, 50, 50, 50, 50, 50, 50, 50, 50, 50, 50, 50, 50, 50, 50, 50, 50,
	50, 50, 50, 50, 50, 50, 50, 50, 50, 50, 50, 50, 50, 50, 50, 50, 50, 50,
	50, 50, 50, 50, 50, 50, 50, 50, 50, 50, 50, 50, 50, 50, 50, 50, 50, 50,
	50, 50, 50, 50, 50, 50, 50, 50, 50, 50, 50, 50, 50, 50, 50, 50, 50, 50,
	50, 50, 50, 50, 50, 50, 50, 50, 50, 50, 50, 50, 50, 50, 50, 50, 50, 50,
	50, 50, 50, 50, 50, 50, 50, 50, 50, 50, 50, 50, 50, 50, 50, 50, 50, 50,
	50, 50, 50, 50, 50, 50, 50, 50, 50, 50, 50, 50, 50, 50, 50, 50, 50, 50,
	50, 50, 50, 50, 50, 50, 50, 50, 50, 50, 50, 50, 50, 50, 50, 50, 50, 50,
	50, 50, 50, 50, 50, 50, 50, 50, 50, 50, 50, 50, 50, 50, 50, 50, 50, 50,
	50, 50, 50, 50, 50, 50, 50, 50, 50, 50, 50, 50, 50, 50, 50, 50, 50, 50,
	50, 50, 50, 50, 50, 50, 50, 50, 50, 50, 50, 50, 50, 50, 50, 50, 50, 50,
	50, 50, 50, 50, 50, 50, 50, 50, 50, 50, 50, 50, 50, 50, 50, 50, 50, 50,
	50, 50, 50, 50, 50, 50, 50, 50, 50, 50, 50, 50, 50, 50, 50, 50, 50, 50,
	50, 50, 50, 50, 50, 50, 50, 50, 50, 50, 50, 50, 50, 50, 50, 50, 50, 50,
	50, 50, 50, 50, 50, 50, 50, 50, 50, 50, 50, 50, 50, 50, 50, 50, 50, 50,
	50, 50, 50, 50, 50, 50, 50, 50, 50, 50, 50, 50, 50, 50, 50, 50, 50, 50,
	50, 50, 50, 50, 50, 50, 50, 50, 50, 50, 50, 50, 50, 50, 50, 50, 50, 50,
	50, 50, 50, 50, 50, 50, 50, 50, 50, 50, 50, 50, 50, 50, 50, 50, 50, 50,
	50, 50, 50, 50, 50, 50, 50, 50, 50, 50, 50, 50, 50, 50, 50, 50, 50, 50,
	50, 50, 50, 50, 50, 50, 50, 50, 50, 50, 50, 50, 50, 50, 50, 50, 50, 50,
	50, 50, 50, 50, 50, 50, 50, 50, 50, 50, 50, 50, 50, 50, 50, 50, 50, 50,
	50, 50, 50, 50, 50, 50, 50, 50, 50, 50, 50, 50, 50, 50, 50, 50, 50, 50,
	50, 50, 50, 50, 50, 50, 50, 50, 50, 50, 50, 50, 50, 50, 50, 50, 50, 50,
	50, 50, 50, 50, 50, 50, 50, 50, 50, 50, 50, 50, 50, 50, 50, 50, 50, 50,
	50, 50, 50, 50, 50, 50, 50, 50, 50, 50, 50, 50, 50, 50, 50, 50, 50, 50,
	50, 50, 50, 50, 50, 50, 50, 50, 50, 50, 50, 50, 50, 50, 50, 50, 50, 50,
	50, 50, 50, 50, 50, 50, 50, 50, 50, 50, 50, 50, 50, 50, 50, 50, 50, 50,
	50, 50, 50, 50, 50, 50, 50, 50, 50, 50, 50, 50, 50, 50, 50, 50, 50, 50,
	50, 50, 50, 50, 50, 50, 50, 50, 50, 50, 50, 50, 50, 50, 50, 50, 50, 50,
	50, 50, 50, 50, 50, 50, 50, 50, 50, 50, 50, 50, 50, 50, 50, 50, 50, 50,
	50, 50, 50, 50, 50, 50, 50, 50, 50, 50, 50, 50, 50, 50, 50, 50, 50, 50,
	50, 50, 50, 50, 50, 50, 50, 50, 50, 50, 50, 50, 50, 50, 50, 50, 50, 50,
	50, 50, 50, 50, 50, 50, 50, 50, 50, 50, 50, 50, 50, 50, 50, 50, 50, 50,
}
